## Values
## High Speed = 500
## Low Speed = 300
## Acceleration = 300
## Deceleration = 300
## Position = 0
## Idle Time = 1
## Accel/Decel profile = Sinusoidal
## Dwell time = 0.0
## Length = 500
## Cycles = 3


1666287594.396236	0
1666287594.400423	0
1666287594.402380	0
1666287594.416255	0
1666287594.420349	-2
1666287594.424218	-3
1666287594.428393	-4
1666287594.432483	-5
1666287594.436674	-7
1666287594.440700	-8
1666287594.444921	-9
1666287594.448939	-10
1666287594.453109	-12
1666287594.457302	-13
1666287594.461332	-14
1666287594.465621	-15
1666287594.469699	-17
1666287594.473999	-18
1666287594.478076	-19
1666287594.482151	-21
1666287594.486307	-22
1666287594.490431	-23
1666287594.494650	-25
1666287594.498941	-26
1666287594.503009	-27
1666287594.507175	-29
1666287594.511271	-30
1666287594.515390	-32
1666287594.519582	-33
1666287594.523708	-35
1666287594.527958	-36
1666287594.532056	-38
1666287594.536195	-39
1666287594.540425	-41
1666287594.544544	-42
1666287594.548661	-44
1666287594.552929	-45
1666287594.557026	-47
1666287594.561117	-48
1666287594.565145	-50
1666287594.569334	-52
1666287594.573747	-53
1666287594.577762	-55
1666287594.581906	-57
1666287594.586012	-59
1666287594.590268	-60
1666287594.594306	-62
1666287594.598554	-64
1666287594.602648	-66
1666287594.606771	-68
1666287594.610995	-70
1666287594.614963	-71
1666287594.619093	-73
1666287594.623273	-75
1666287594.627450	-77
1666287594.631653	-79
1666287594.635682	-81
1666287594.639845	-83
1666287594.643924	-85
1666287594.648248	-87
1666287594.652308	-89
1666287594.656364	-91
1666287594.660645	-93
1666287594.664756	-95
1666287594.668777	-97
1666287594.672831	-99
1666287594.677203	-101
1666287594.681422	-103
1666287594.685528	-105
1666287594.689738	-107
1666287594.693796	-109
1666287594.698011	-111
1666287594.702133	-113
1666287594.706391	-116
1666287594.710567	-118
1666287594.714814	-120
1666287594.718809	-122
1666287594.722986	-124
1666287594.727232	-126
1666287594.731422	-128
1666287594.735429	-130
1666287594.739592	-132
1666287594.743746	-134
1666287594.748106	-136
1666287594.752145	-138
1666287594.756380	-141
1666287594.760591	-143
1666287594.764572	-145
1666287594.768758	-147
1666287594.772865	-149
1666287594.777169	-151
1666287594.781339	-153
1666287594.785494	-155
1666287594.789493	-157
1666287594.793632	-159
1666287594.797783	-161
1666287594.802092	-163
1666287594.806215	-166
1666287594.810399	-168
1666287594.814511	-170
1666287594.818808	-172
1666287594.822870	-174
1666287594.826874	-176
1666287594.831101	-178
1666287594.835312	-180
1666287594.839407	-182
1666287594.843576	-184
1666287594.847933	-186
1666287594.852072	-188
1666287594.856234	-191
1666287594.860255	-193
1666287594.864360	-195
1666287594.868692	-197
1666287594.872833	-199
1666287594.877020	-201
1666287594.881322	-203
1666287594.885238	-205
1666287594.889499	-207
1666287594.893653	-209
1666287594.897677	-211
1666287594.901953	-213
1666287594.906003	-216
1666287594.910125	-218
1666287594.914407	-220
1666287594.918542	-222
1666287594.922786	-224
1666287594.926942	-226
1666287594.931089	-228
1666287594.935109	-230
1666287594.939413	-232
1666287594.943530	-234
1666287594.947673	-236
1666287594.951908	-238
1666287594.955978	-240
1666287594.960046	-243
1666287594.964449	-245
1666287594.968483	-247
1666287594.972732	-249
1666287594.976920	-251
1666287594.980925	-253
1666287594.985005	-255
1666287594.989231	-257
1666287594.993510	-259
1666287594.997779	-261
1666287595.001956	-263
1666287595.005920	-266
1666287595.010099	-268
1666287595.014386	-270
1666287595.018513	-272
1666287595.022739	-274
1666287595.026886	-276
1666287595.030984	-278
1666287595.035249	-280
1666287595.039456	-282
1666287595.043646	-284
1666287595.047698	-286
1666287595.051827	-289
1666287595.056126	-291
1666287595.060296	-293
1666287595.064431	-295
1666287595.068700	-297
1666287595.072805	-299
1666287595.076893	-301
1666287595.081137	-303
1666287595.085401	-305
1666287595.089570	-307
1666287595.093667	-309
1666287595.097804	-311
1666287595.101978	-314
1666287595.106277	-316
1666287595.110304	-318
1666287595.114583	-320
1666287595.118648	-322
1666287595.122905	-324
1666287595.127144	-326
1666287595.131320	-328
1666287595.135493	-330
1666287595.139534	-332
1666287595.143667	-334
1666287595.147866	-337
1666287595.152235	-339
1666287595.156392	-341
1666287595.160526	-343
1666287595.164549	-345
1666287595.168778	-347
1666287595.172874	-349
1666287595.177363	-351
1666287595.181486	-353
1666287595.185557	-355
1666287595.189820	-357
1666287595.193970	-360
1666287595.198216	-362
1666287595.202384	-364
1666287595.206465	-366
1666287595.210597	-368
1666287595.214773	-370
1666287595.218915	-372
1666287595.223247	-374
1666287595.227288	-376
1666287595.231447	-378
1666287595.235559	-380
1666287595.239880	-383
1666287595.243942	-385
1666287595.248344	-387
1666287595.252336	-389
1666287595.256669	-391
1666287595.260778	-393
1666287595.265069	-395
1666287595.269161	-397
1666287595.273249	-399
1666287595.277501	-401
1666287595.281673	-403
1666287595.285984	-405
1666287595.290192	-407
1666287595.294185	-410
1666287595.298306	-412
1666287595.302714	-414
1666287595.306911	-416
1666287595.311115	-418
1666287595.315163	-420
1666287595.319383	-422
1666287595.323496	-423
1666287595.327676	-425
1666287595.331987	-427
1666287595.336084	-429
1666287595.340207	-431
1666287595.344432	-433
1666287595.348768	-435
1666287595.352771	-437
1666287595.357049	-439
1666287595.361108	-440
1666287595.365373	-442
1666287595.369622	-444
1666287595.373837	-446
1666287595.377963	-447
1666287595.381981	-449
1666287595.386268	-451
1666287595.390584	-453
1666287595.394803	-454
1666287595.398860	-456
1666287595.402958	-457
1666287595.407356	-459
1666287595.411503	-461
1666287595.415686	-462
1666287595.419807	-464
1666287595.423914	-465
1666287595.428295	-467
1666287595.432468	-468
1666287595.436661	-469
1666287595.440778	-471
1666287595.444813	-472
1666287595.449208	-474
1666287595.453307	-475
1666287595.457559	-477
1666287595.461775	-478
1666287595.465767	-479
1666287595.469924	-481
1666287595.474282	-482
1666287595.478496	-483
1666287595.482718	-485
1666287595.486707	-486
1666287595.490909	-487
1666287595.495090	-488
1666287595.499485	-490
1666287595.503627	-491
1666287595.507651	-492
1666287595.511791	-494
1666287595.516186	-495
1666287595.520368	-496
1666287595.524581	-497
1666287595.528600	-499
1666287595.532826	-500
1666287595.537359	-500
1666287595.539404	-500
1666287595.553231	-499
1666287595.557262	-498
1666287595.561461	-497
1666287595.565443	-496
1666287595.569836	-494
1666287595.574003	-493
1666287595.578247	-492
1666287595.582383	-491
1666287595.586411	-489
1666287595.590677	-488
1666287595.595024	-487
1666287595.599230	-485
1666287595.603329	-484
1666287595.607399	-483
1666287595.611530	-482
1666287595.615968	-480
1666287595.620171	-479
1666287595.624318	-478
1666287595.628345	-476
1666287595.632708	-475
1666287595.636748	-473
1666287595.641051	-472
1666287595.645216	-471
1666287595.649227	-469
1666287595.653512	-468
1666287595.657796	-466
1666287595.662054	-465
1666287595.666151	-463
1666287595.670194	-462
1666287595.674387	-460
1666287595.678828	-459
1666287595.683010	-457
1666287595.687112	-456
1666287595.691184	-454
1666287595.695322	-452
1666287595.699536	-451
1666287595.703974	-449
1666287595.708053	-447
1666287595.712107	-446
1666287595.716520	-444
1666287595.720692	-442
1666287595.724974	-440
1666287595.729018	-439
1666287595.733050	-437
1666287595.737445	-435
1666287595.741615	-433
1666287595.745826	-431
1666287595.749978	-429
1666287595.754071	-427
1666287595.758472	-426
1666287595.762526	-424
1666287595.766710	-422
1666287595.770885	-420
1666287595.774922	-418
1666287595.779290	-416
1666287595.783437	-414
1666287595.787674	-412
1666287595.791839	-410
1666287595.795979	-408
1666287595.800109	-406
1666287595.804296	-404
1666287595.808775	-402
1666287595.812680	-399
1666287595.817008	-397
1666287595.821180	-395
1666287595.825180	-393
1666287595.829531	-391
1666287595.833744	-389
1666287595.837794	-387
1666287595.842035	-385
1666287595.846316	-383
1666287595.850310	-381
1666287595.854626	-379
1666287595.858666	-376
1666287595.862992	-374
1666287595.867135	-372
1666287595.871323	-370
1666287595.875477	-368
1666287595.879543	-366
1666287595.883738	-364
1666287595.887970	-362
1666287595.892176	-360
1666287595.896326	-358
1666287595.900453	-356
1666287595.904629	-353
1666287595.909033	-351
1666287595.913149	-349
1666287595.917144	-347
1666287595.921429	-345
1666287595.925453	-343
1666287595.929606	-341
1666287595.933966	-339
1666287595.937996	-337
1666287595.942328	-335
1666287595.946399	-333
1666287595.950561	-330
1666287595.954912	-328
1666287595.959035	-326
1666287595.963072	-324
1666287595.967302	-322
1666287595.971388	-320
1666287595.975652	-318
1666287595.979730	-316
1666287595.984046	-314
1666287595.988194	-312
1666287595.992245	-310
1666287595.996490	-308
1666287596.000684	-305
1666287596.004926	-303
1666287596.009111	-301
1666287596.013127	-299
1666287596.017416	-297
1666287596.021598	-295
1666287596.025762	-293
1666287596.029929	-291
1666287596.034113	-289
1666287596.038217	-287
1666287596.042383	-285
1666287596.046565	-282
1666287596.050875	-280
1666287596.055044	-278
1666287596.059156	-276
1666287596.063238	-274
1666287596.067578	-272
1666287596.071748	-270
1666287596.075900	-268
1666287596.079924	-266
1666287596.084126	-264
1666287596.088336	-262
1666287596.092610	-259
1666287596.096644	-257
1666287596.101026	-255
1666287596.105008	-253
1666287596.109150	-251
1666287596.113306	-249
1666287596.117436	-247
1666287596.121820	-245
1666287596.125925	-243
1666287596.129981	-241
1666287596.134082	-239
1666287596.138463	-237
1666287596.142611	-234
1666287596.146633	-232
1666287596.150867	-230
1666287596.154949	-228
1666287596.159210	-226
1666287596.163201	-224
1666287596.167542	-222
1666287596.171750	-220
1666287596.175805	-218
1666287596.179901	-216
1666287596.184098	-214
1666287596.188347	-212
1666287596.192490	-209
1666287596.196605	-207
1666287596.200719	-205
1666287596.204890	-203
1666287596.209006	-201
1666287596.213156	-199
1666287596.217293	-197
1666287596.221588	-195
1666287596.225648	-193
1666287596.229759	-191
1666287596.233936	-189
1666287596.238216	-187
1666287596.242398	-184
1666287596.246586	-182
1666287596.250673	-180
1666287596.254821	-178
1666287596.259070	-176
1666287596.263044	-174
1666287596.267365	-172
1666287596.271425	-170
1666287596.275578	-168
1666287596.279964	-166
1666287596.284024	-164
1666287596.288187	-162
1666287596.292437	-159
1666287596.296507	-157
1666287596.300612	-155
1666287596.304752	-153
1666287596.309023	-151
1666287596.313190	-149
1666287596.317322	-147
1666287596.321413	-145
1666287596.325485	-143
1666287596.329802	-141
1666287596.334104	-139
1666287596.338118	-137
1666287596.342356	-134
1666287596.346334	-132
1666287596.350575	-130
1666287596.354759	-128
1666287596.358788	-126
1666287596.363199	-124
1666287596.367235	-122
1666287596.371484	-120
1666287596.375658	-118
1666287596.379806	-116
1666287596.383898	-114
1666287596.388087	-112
1666287596.392225	-109
1666287596.396249	-107
1666287596.400597	-105
1666287596.404809	-103
1666287596.408916	-101
1666287596.412905	-99
1666287596.417183	-97
1666287596.421205	-95
1666287596.425318	-93
1666287596.429632	-91
1666287596.433592	-89
1666287596.437749	-87
1666287596.441835	-85
1666287596.446048	-83
1666287596.450251	-81
1666287596.454384	-79
1666287596.458478	-77
1666287596.462601	-75
1666287596.466934	-73
1666287596.470798	-71
1666287596.474979	-70
1666287596.479089	-68
1666287596.483368	-66
1666287596.487394	-64
1666287596.491608	-62
1666287596.495769	-60
1666287596.499890	-59
1666287596.503964	-57
1666287596.508030	-55
1666287596.512165	-53
1666287596.516416	-52
1666287596.520539	-50
1666287596.524692	-48
1666287596.528788	-47
1666287596.532962	-45
1666287596.537046	-44
1666287596.541205	-42
1666287596.545494	-40
1666287596.549562	-39
1666287596.553614	-37
1666287596.557750	-36
1666287596.561873	-34
1666287596.566077	-33
1666287596.570106	-31
1666287596.574287	-30
1666287596.578526	-29
1666287596.582536	-27
1666287596.586677	-26
1666287596.590781	-24
1666287596.595054	-23
1666287596.599087	-22
1666287596.603193	-20
1666287596.607387	-19
1666287596.611546	-18
1666287596.615682	-16
1666287596.619770	-15
1666287596.623843	-14
1666287596.628071	-13
1666287596.632282	-11
1666287596.636362	-10
1666287596.640452	-9
1666287596.644535	-8
1666287596.648770	-6
1666287596.652817	-5
1666287596.656826	-4
1666287596.660963	-3
1666287596.665162	-1
1666287596.669177	0
1666287596.673333	0
1666287596.675341	0
1666287596.677284	0
1666287596.681574	0
1666287596.683519	0
1666287596.697268	-1
1666287596.701401	-2
1666287596.705421	-3
1666287596.709443	-4
1666287596.713521	-5
1666287596.717812	-7
1666287596.721770	-8
1666287596.725924	-9
1666287596.730193	-10
1666287596.734332	-12
1666287596.738330	-13
1666287596.742482	-14
1666287596.746606	-16
1666287596.750949	-17
1666287596.754852	-18
1666287596.759014	-19
1666287596.763161	-21
1666287596.767505	-22
1666287596.771476	-23
1666287596.775572	-25
1666287596.779831	-26
1666287596.784074	-28
1666287596.787998	-29
1666287596.792174	-30
1666287596.796243	-32
1666287596.800421	-33
1666287596.804672	-35
1666287596.808892	-36
1666287596.812989	-38
1666287596.817082	-39
1666287596.821142	-41
1666287596.825264	-42
1666287596.829536	-44
1666287596.833585	-45
1666287596.837821	-47
1666287596.841934	-48
1666287596.845981	-50
1666287596.850166	-52
1666287596.854291	-53
1666287596.858432	-55
1666287596.862577	-57
1666287596.866715	-59
1666287596.870859	-60
1666287596.874951	-62
1666287596.879088	-64
1666287596.883223	-66
1666287596.887329	-68
1666287596.891513	-69
1666287596.895577	-71
1666287596.899813	-73
1666287596.903856	-75
1666287596.907974	-77
1666287596.912104	-79
1666287596.916425	-81
1666287596.920507	-83
1666287596.924579	-85
1666287596.928765	-87
1666287596.932972	-89
1666287596.937030	-91
1666287596.941115	-93
1666287596.945452	-95
1666287596.949568	-97
1666287596.953703	-99
1666287596.957828	-101
1666287596.961896	-103
1666287596.966222	-105
1666287596.970368	-107
1666287596.974507	-109
1666287596.978616	-111
1666287596.982887	-113
1666287596.987040	-115
1666287596.991220	-118
1666287596.995298	-120
1666287596.999572	-122
1666287597.003671	-124
1666287597.007775	-126
1666287597.011994	-128
1666287597.016204	-130
1666287597.020247	-132
1666287597.024441	-134
1666287597.028519	-136
1666287597.032660	-138
1666287597.036796	-140
1666287597.041034	-143
1666287597.045178	-145
1666287597.049408	-147
1666287597.053501	-149
1666287597.057680	-151
1666287597.061823	-153
1666287597.066018	-155
1666287597.070172	-157
1666287597.074341	-159
1666287597.078593	-161
1666287597.082767	-163
1666287597.086839	-165
1666287597.091105	-168
1666287597.095239	-170
1666287597.099380	-172
1666287597.103428	-174
1666287597.107664	-176
1666287597.111865	-178
1666287597.116085	-180
1666287597.120108	-182
1666287597.124252	-184
1666287597.128605	-186
1666287597.132635	-188
1666287597.136725	-190
1666287597.140966	-193
1666287597.145109	-195
1666287597.149257	-197
1666287597.153368	-199
1666287597.157450	-201
1666287597.161771	-203
1666287597.165982	-205
1666287597.169994	-207
1666287597.174125	-209
1666287597.178447	-211
1666287597.182608	-213
1666287597.186661	-215
1666287597.190886	-218
1666287597.194986	-220
1666287597.199287	-222
1666287597.203308	-224
1666287597.207493	-226
1666287597.211719	-228
1666287597.215988	-230
1666287597.220026	-232
1666287597.224103	-234
1666287597.228474	-236
1666287597.232470	-238
1666287597.236609	-240
1666287597.240931	-243
1666287597.244887	-245
1666287597.249151	-247
1666287597.253293	-249
1666287597.257439	-251
1666287597.261638	-253
1666287597.265804	-255
1666287597.269809	-257
1666287597.273993	-259
1666287597.278284	-261
1666287597.282422	-263
1666287597.286681	-265
1666287597.290803	-268
1666287597.294910	-270
1666287597.299305	-272
1666287597.303244	-274
1666287597.307518	-276
1666287597.311650	-278
1666287597.315825	-280
1666287597.320131	-282
1666287597.324300	-284
1666287597.328430	-286
1666287597.332601	-288
1666287597.336673	-291
1666287597.341085	-293
1666287597.345037	-295
1666287597.349208	-297
1666287597.353511	-299
1666287597.357497	-301
1666287597.361861	-303
1666287597.366093	-305
1666287597.370251	-307
1666287597.374418	-309
1666287597.378614	-311
1666287597.382633	-314
1666287597.386806	-316
1666287597.390921	-318
1666287597.395090	-320
1666287597.399246	-322
1666287597.403421	-324
1666287597.407602	-326
1666287597.412015	-328
1666287597.416128	-330
1666287597.420289	-332
1666287597.424407	-334
1666287597.428500	-337
1666287597.432770	-339
1666287597.437027	-341
1666287597.441085	-343
1666287597.445382	-345
1666287597.449406	-347
1666287597.453593	-349
1666287597.457885	-351
1666287597.462139	-353
1666287597.466343	-355
1666287597.470337	-357
1666287597.474477	-360
1666287597.478648	-362
1666287597.482973	-364
1666287597.487153	-366
1666287597.491280	-368
1666287597.495334	-370
1666287597.499679	-372
1666287597.503906	-374
1666287597.507925	-376
1666287597.512201	-378
1666287597.516232	-380
1666287597.520401	-383
1666287597.524650	-385
1666287597.528947	-387
1666287597.533115	-389
1666287597.537123	-391
1666287597.541317	-393
1666287597.545596	-395
1666287597.549883	-397
1666287597.553877	-399
1666287597.558129	-401
1666287597.562289	-403
1666287597.566429	-405
1666287597.570686	-407
1666287597.574879	-409
1666287597.578997	-411
1666287597.583096	-414
1666287597.587433	-416
1666287597.591668	-418
1666287597.595913	-420
1666287597.600001	-421
1666287597.604111	-423
1666287597.608329	-425
1666287597.612518	-427
1666287597.616748	-429
1666287597.620819	-431
1666287597.625002	-433
1666287597.629188	-435
1666287597.633384	-437
1666287597.637555	-439
1666287597.641759	-440
1666287597.645951	-442
1666287597.650364	-444
1666287597.654551	-446
1666287597.658687	-447
1666287597.662885	-449
1666287597.666901	-451
1666287597.671250	-452
1666287597.675394	-454
1666287597.679564	-456
1666287597.683805	-457
1666287597.687805	-459
1666287597.691981	-460
1666287597.696414	-462
1666287597.700324	-464
1666287597.704717	-465
1666287597.708786	-467
1666287597.712896	-468
1666287597.717166	-469
1666287597.721492	-471
1666287597.725641	-472
1666287597.729663	-474
1666287597.733833	-475
1666287597.737971	-476
1666287597.742419	-478
1666287597.746521	-479
1666287597.750581	-481
1666287597.754750	-482
1666287597.759144	-483
1666287597.763326	-485
1666287597.767480	-486
1666287597.771560	-487
1666287597.775681	-488
1666287597.779866	-490
1666287597.784285	-491
1666287597.788437	-492
1666287597.792474	-494
1666287597.796783	-495
1666287597.801013	-496
1666287597.805196	-497
1666287597.809489	-499
1666287597.813390	-500
1666287597.817916	-500
1666287597.819782	-500
1666287597.833757	-499
1666287597.837877	-498
1666287597.841970	-497
1666287597.846281	-496
1666287597.850338	-494
1666287597.854549	-493
1666287597.858943	-492
1666287597.863027	-491
1666287597.867188	-489
1666287597.871228	-488
1666287597.875596	-487
1666287597.879780	-485
1666287597.883999	-484
1666287597.888148	-483
1666287597.892215	-482
1666287597.896391	-480
1666287597.900760	-479
1666287597.904824	-478
1666287597.909121	-476
1666287597.913134	-475
1666287597.917342	-473
1666287597.921646	-472
1666287597.925804	-471
1666287597.930015	-469
1666287597.934081	-468
1666287597.938392	-466
1666287597.942597	-465
1666287597.946818	-463
1666287597.951003	-462
1666287597.955048	-460
1666287597.959235	-459
1666287597.963615	-457
1666287597.967700	-456
1666287597.971997	-454
1666287597.976036	-452
1666287597.980358	-451
1666287597.984577	-449
1666287597.988724	-447
1666287597.992927	-446
1666287597.996997	-444
1666287598.001297	-442
1666287598.005323	-440
1666287598.009664	-439
1666287598.013799	-437
1666287598.017891	-435
1666287598.022087	-433
1666287598.026390	-431
1666287598.030614	-429
1666287598.034794	-427
1666287598.038845	-426
1666287598.043039	-424
1666287598.047374	-422
1666287598.051444	-420
1666287598.055689	-418
1666287598.059777	-416
1666287598.064011	-414
1666287598.068160	-412
1666287598.072509	-410
1666287598.076628	-408
1666287598.080794	-406
1666287598.085074	-404
1666287598.089087	-402
1666287598.093472	-399
1666287598.097525	-397
1666287598.101678	-395
1666287598.105887	-393
1666287598.110072	-391
1666287598.114394	-389
1666287598.118447	-387
1666287598.122594	-385
1666287598.126778	-383
1666287598.131117	-381
1666287598.135164	-379
1666287598.139468	-376
1666287598.143516	-374
1666287598.147746	-372
1666287598.151923	-370
1666287598.156177	-368
1666287598.160350	-366
1666287598.164485	-364
1666287598.168602	-362
1666287598.172720	-360
1666287598.177026	-358
1666287598.181222	-356
1666287598.185399	-353
1666287598.189459	-351
1666287598.193633	-349
1666287598.197943	-347
1666287598.202113	-345
1666287598.206308	-343
1666287598.210356	-341
1666287598.214490	-339
1666287598.218798	-337
1666287598.223014	-335
1666287598.227206	-333
1666287598.231319	-330
1666287598.235396	-328
1666287598.239607	-326
1666287598.243935	-324
1666287598.247971	-322
1666287598.252068	-320
1666287598.256243	-318
1666287598.260422	-316
1666287598.264583	-314
1666287598.268802	-312
1666287598.272975	-310
1666287598.277136	-308
1666287598.281281	-305
1666287598.285502	-303
1666287598.289669	-301
1666287598.293827	-299
1666287598.297980	-297
1666287598.302221	-295
1666287598.306397	-293
1666287598.310572	-291
1666287598.314762	-289
1666287598.318894	-287
1666287598.323073	-285
1666287598.327231	-282
1666287598.331357	-280
1666287598.335637	-278
1666287598.339771	-276
1666287598.343938	-274
1666287598.348109	-272
1666287598.352285	-270
1666287598.356445	-268
1666287598.360637	-266
1666287598.364833	-264
1666287598.369022	-262
1666287598.373159	-259
1666287598.377336	-257
1666287598.381465	-255
1666287598.385762	-253
1666287598.389883	-251
1666287598.394006	-249
1666287598.398108	-247
1666287598.402394	-245
1666287598.406466	-243
1666287598.410634	-241
1666287598.414729	-239
1666287598.419080	-237
1666287598.423187	-234
1666287598.427475	-232
1666287598.431413	-230
1666287598.435741	-228
1666287598.439794	-226
1666287598.444060	-224
1666287598.448016	-222
1666287598.452258	-220
1666287598.456434	-218
1666287598.460608	-216
1666287598.464641	-214
1666287598.468971	-212
1666287598.473067	-209
1666287598.477374	-207
1666287598.481418	-205
1666287598.485613	-203
1666287598.489815	-201
1666287598.493975	-199
1666287598.498111	-197
1666287598.502328	-195
1666287598.506321	-193
1666287598.510499	-191
1666287598.514644	-189
1666287598.518828	-187
1666287598.522999	-184
1666287598.527102	-182
1666287598.531336	-180
1666287598.535464	-178
1666287598.539610	-176
1666287598.543780	-174
1666287598.548078	-172
1666287598.552068	-170
1666287598.556231	-168
1666287598.560500	-166
1666287598.564675	-164
1666287598.568819	-162
1666287598.572836	-159
1666287598.577118	-157
1666287598.581339	-155
1666287598.585373	-153
1666287598.589520	-151
1666287598.593669	-149
1666287598.597997	-147
1666287598.602041	-145
1666287598.606220	-143
1666287598.610346	-141
1666287598.614503	-139
1666287598.618602	-137
1666287598.622920	-134
1666287598.626990	-132
1666287598.631185	-130
1666287598.635252	-128
1666287598.639458	-126
1666287598.643728	-124
1666287598.647903	-122
1666287598.651900	-120
1666287598.656111	-118
1666287598.660242	-116
1666287598.664577	-114
1666287598.668586	-112
1666287598.672877	-109
1666287598.677076	-107
1666287598.681125	-105
1666287598.685293	-103
1666287598.689543	-101
1666287598.693680	-99
1666287598.697880	-97
1666287598.701851	-95
1666287598.706021	-93
1666287598.710126	-91
1666287598.714270	-89
1666287598.718415	-87
1666287598.722522	-85
1666287598.726763	-83
1666287598.730900	-81
1666287598.734934	-79
1666287598.739264	-77
1666287598.743396	-75
1666287598.747478	-73
1666287598.751464	-71
1666287598.755735	-70
1666287598.759809	-68
1666287598.763890	-66
1666287598.768083	-64
1666287598.772164	-62
1666287598.776414	-60
1666287598.780557	-59
1666287598.784573	-57
1666287598.788727	-55
1666287598.792834	-53
1666287598.797151	-52
1666287598.801108	-50
1666287598.805387	-48
1666287598.809479	-47
1666287598.813622	-45
1666287598.817627	-44
1666287598.821829	-42
1666287598.826128	-40
1666287598.830163	-39
1666287598.834220	-37
1666287598.838556	-36
1666287598.842652	-34
1666287598.846612	-33
1666287598.850829	-31
1666287598.854907	-30
1666287598.859067	-29
1666287598.863177	-27
1666287598.867328	-26
1666287598.871539	-24
1666287598.875619	-23
1666287598.879913	-22
1666287598.883864	-20
1666287598.887988	-19
1666287598.892301	-18
1666287598.896423	-16
1666287598.900418	-15
1666287598.904562	-14
1666287598.908859	-13
1666287598.912982	-11
1666287598.917026	-10
1666287598.921236	-9
1666287598.925271	-8
1666287598.929286	-6
1666287598.933440	-5
1666287598.937437	-4
1666287598.941533	-3
1666287598.945786	-1
1666287598.949814	0
1666287598.954125	0
1666287598.956076	0
1666287598.958033	0
1666287598.962304	0
1666287598.964236	0
1666287598.978025	-1
1666287598.981896	-2
1666287598.986070	-3
1666287598.990206	-4
1666287598.994209	-5
1666287598.998331	-7
1666287599.002510	-8
1666287599.006666	-9
1666287599.010809	-10
1666287599.014990	-12
1666287599.018922	-13
1666287599.023177	-14
1666287599.027217	-16
1666287599.031366	-17
1666287599.035508	-18
1666287599.039694	-19
1666287599.043974	-21
1666287599.048053	-22
1666287599.052097	-23
1666287599.056326	-25
1666287599.060399	-26
1666287599.064624	-28
1666287599.068641	-29
1666287599.072783	-30
1666287599.076913	-32
1666287599.081043	-33
1666287599.085232	-35
1666287599.089499	-36
1666287599.093602	-38
1666287599.097817	-39
1666287599.101790	-41
1666287599.105887	-42
1666287599.110039	-44
1666287599.114153	-45
1666287599.118324	-47
1666287599.122553	-48
1666287599.126783	-50
1666287599.130865	-52
1666287599.134906	-53
1666287599.139039	-55
1666287599.143265	-57
1666287599.147400	-59
1666287599.151522	-60
1666287599.155759	-62
1666287599.159770	-64
1666287599.163908	-66
1666287599.168011	-68
1666287599.172294	-69
1666287599.176433	-71
1666287599.180535	-73
1666287599.184540	-75
1666287599.188662	-77
1666287599.192774	-79
1666287599.197041	-81
1666287599.201101	-83
1666287599.205372	-85
1666287599.209500	-87
1666287599.213612	-89
1666287599.217678	-91
1666287599.221829	-93
1666287599.226131	-95
1666287599.230155	-97
1666287599.234221	-99
1666287599.238446	-101
1666287599.242512	-103
1666287599.246825	-105
1666287599.250910	-107
1666287599.255223	-109
1666287599.259337	-111
1666287599.263489	-113
1666287599.267557	-115
1666287599.271782	-118
1666287599.276055	-120
1666287599.280219	-122
1666287599.284252	-124
1666287599.288435	-126
1666287599.292578	-128
1666287599.296860	-130
1666287599.300907	-132
1666287599.305135	-134
1666287599.309300	-136
1666287599.313348	-138
1666287599.317508	-140
1666287599.321863	-143
1666287599.325947	-145
1666287599.330110	-147
1666287599.334124	-149
1666287599.338295	-151
1666287599.342502	-153
1666287599.346675	-155
1666287599.350784	-157
1666287599.355110	-159
1666287599.359200	-161
1666287599.363267	-163
1666287599.367408	-165
1666287599.371663	-168
1666287599.375906	-170
1666287599.380039	-172
1666287599.384133	-174
1666287599.388291	-176
1666287599.392413	-178
1666287599.396720	-180
1666287599.400807	-182
1666287599.404954	-184
1666287599.409019	-186
1666287599.413176	-188
1666287599.417411	-190
1666287599.421710	-193
1666287599.425853	-195
1666287599.430020	-197
1666287599.434034	-199
1666287599.438181	-201
1666287599.442342	-203
1666287599.446670	-205
1666287599.450718	-207
1666287599.454844	-209
1666287599.459015	-211
1666287599.463151	-213
1666287599.467363	-215
1666287599.471463	-218
1666287599.475682	-220
1666287599.479794	-222
1666287599.484055	-224
1666287599.488178	-226
1666287599.492290	-228
1666287599.496394	-230
1666287599.500947	-232
1666287599.504866	-234
1666287599.508977	-236
1666287599.513052	-238
1666287599.517296	-240
1666287599.521422	-243
1666287599.525550	-245
1666287599.529799	-247
1666287599.533959	-249
1666287599.538039	-251
1666287599.542162	-253
1666287599.546353	-255
1666287599.550509	-257
1666287599.554810	-259
1666287599.558872	-261
1666287599.563212	-263
1666287599.567353	-265
1666287599.571435	-268
1666287599.575644	-270
1666287599.579813	-272
1666287599.584036	-274
1666287599.588149	-276
1666287599.592297	-278
1666287599.596440	-280
1666287599.600713	-282
1666287599.604822	-284
1666287599.608999	-286
1666287599.613223	-288
1666287599.617382	-291
1666287599.621557	-293
1666287599.625671	-295
1666287599.629828	-297
1666287599.634125	-299
1666287599.638209	-301
1666287599.642349	-303
1666287599.646661	-305
1666287599.650786	-307
1666287599.654890	-309
1666287599.659074	-311
1666287599.663317	-314
1666287599.667561	-316
1666287599.671578	-318
1666287599.675745	-320
1666287599.679971	-322
1666287599.684135	-324
1666287599.688258	-326
1666287599.692544	-328
1666287599.696706	-330
1666287599.700903	-332
1666287599.705061	-334
1666287599.709175	-337
1666287599.713389	-339
1666287599.717597	-341
1666287599.721881	-343
1666287599.725973	-345
1666287599.730155	-347
1666287599.734407	-349
1666287599.738413	-351
1666287599.742659	-353
1666287599.746872	-355
1666287599.751141	-357
1666287599.755168	-360
1666287599.759310	-362
1666287599.763654	-364
1666287599.767823	-366
1666287599.771871	-368
1666287599.775973	-370
1666287599.780186	-372
1666287599.784514	-374
1666287599.788681	-376
1666287599.792809	-378
1666287599.796996	-380
1666287599.801026	-383
1666287599.805248	-385
1666287599.809445	-387
1666287599.813752	-389
1666287599.817937	-391
1666287599.821955	-393
1666287599.826195	-395
1666287599.830405	-397
1666287599.834679	-399
1666287599.838865	-401
1666287599.842879	-403
1666287599.847080	-405
1666287599.851509	-407
1666287599.855654	-409
1666287599.859762	-411
1666287599.863900	-414
1666287599.867993	-416
1666287599.872222	-418
1666287599.876568	-420
1666287599.880748	-421
1666287599.884832	-423
1666287599.888961	-425
1666287599.893247	-427
1666287599.897482	-429
1666287599.901692	-431
1666287599.905885	-433
1666287599.909905	-435
1666287599.914119	-437
1666287599.918514	-439
1666287599.922631	-440
1666287599.926790	-442
1666287599.930837	-444
1666287599.935041	-446
1666287599.939379	-447
1666287599.943617	-449
1666287599.947531	-451
1666287599.951753	-452
1666287599.955965	-454
1666287599.960210	-456
1666287599.964513	-457
1666287599.968694	-459
1666287599.972727	-460
1666287599.977114	-462
1666287599.981310	-464
1666287599.985433	-465
1666287599.989594	-467
1666287599.993589	-468
1666287599.997741	-469
1666287600.001937	-471
1666287600.006159	-472
1666287600.010279	-474
1666287600.014674	-475
1666287600.018808	-476
1666287600.023002	-478
1666287600.027198	-479
1666287600.031395	-481
1666287600.035508	-482
1666287600.039757	-483
1666287600.044194	-485
1666287600.048170	-486
1666287600.052409	-487
1666287600.056423	-488
1666287600.060540	-490
1666287600.064821	-491
1666287600.068858	-492
1666287600.073127	-494
1666287600.077356	-495
1666287600.081525	-496
1666287600.085809	-497
1666287600.090014	-499
1666287600.094264	-500
1666287600.098449	-500
1666287600.100520	-500
1666287600.114272	-499
1666287600.118449	-498
1666287600.122798	-497
1666287600.126950	-496
1666287600.131159	-494
1666287600.135234	-493
1666287600.139722	-492
1666287600.143764	-491
1666287600.147794	-489
1666287600.152097	-488
1666287600.156122	-487
1666287600.160289	-485
1666287600.164597	-484
1666287600.168887	-483
1666287600.173017	-482
1666287600.177055	-480
1666287600.181288	-479
1666287600.185483	-478
1666287600.189805	-476
1666287600.193964	-475
1666287600.198044	-473
1666287600.202162	-472
1666287600.206511	-471
1666287600.210760	-469
1666287600.214917	-468
1666287600.218980	-466
1666287600.223361	-465
1666287600.227542	-463
1666287600.231703	-462
1666287600.235830	-460
1666287600.239912	-459
1666287600.244175	-457
1666287600.248516	-456
1666287600.252674	-454
1666287600.256775	-452
1666287600.260814	-451
1666287600.265039	-449
1666287600.269361	-447
1666287600.273577	-446
1666287600.277612	-444
1666287600.281816	-442
1666287600.286036	-440
1666287600.290221	-439
1666287600.294393	-437
1666287600.298603	-435
1666287600.302764	-433
1666287600.306926	-431
1666287600.311136	-429
1666287600.315331	-427
1666287600.319528	-426
1666287600.323755	-424
1666287600.327884	-422
1666287600.332102	-420
1666287600.336246	-418
1666287600.340427	-416
1666287600.344629	-414
1666287600.348811	-412
1666287600.353036	-410
1666287600.357209	-408
1666287600.361367	-406
1666287600.365585	-404
1666287600.369795	-402
1666287600.373978	-399
1666287600.411218	-381
1666287600.437188	-371
1666287600.441556	-366
1666287600.445745	-364
1666287600.449873	-362
1666287600.454031	-359
1666287600.458714	-357
1666287600.462397	-355
1666287600.466545	-353
1666287600.470759	-351
1666287600.474926	-349
1666287600.479100	-347
1666287600.483435	-345
1666287600.487457	-343
1666287600.491606	-341
1666287600.495813	-339
1666287600.501204	-336
1666287600.506967	-333
1666287600.511070	-331
1666287600.515253	-329
1666287600.519524	-327
1666287600.523573	-325
1666287600.527745	-323
1666287600.531957	-320
1666287600.536100	-318
1666287600.540274	-316
1666287600.544465	-314
1666287600.548641	-312
1666287600.552799	-310
1666287600.556978	-308
1666287600.561165	-306
1666287600.565337	-304
1666287600.569511	-302
1666287600.581300	-300
1666287600.584730	-294
1666287600.588923	-292
1666287600.593093	-290
1666287600.597245	-288
1666287600.601455	-286
1666287600.605582	-284
1666287600.609787	-281
1666287600.613953	-279
1666287600.618304	-277
1666287600.622347	-275
1666287600.626534	-273
1666287600.630757	-271
1666287600.634881	-269
1666287600.639052	-267
1666287600.643238	-265
1666287600.647372	-263
1666287600.651575	-261
1666287600.655742	-258
1666287600.659976	-256
1666287600.664120	-254
1666287600.700523	-238
1666287600.713596	-230
1666287600.717761	-227
1666287600.721896	-225
1666287600.726072	-223
1666287600.730171	-221
1666287600.734401	-219
1666287600.741277	-216
1666287600.745460	-214
1666287600.749601	-211
1666287600.753801	-209
1666287600.757938	-207
1666287600.762096	-205
1666287600.766278	-203
1666287600.770452	-201
1666287600.774550	-199
1666287600.778805	-197
1666287600.782902	-195
1666287600.787040	-193
1666287600.791231	-191
1666287600.795413	-189
1666287600.799567	-186
1666287600.803730	-184
1666287600.807827	-182
1666287600.812009	-180
1666287600.816130	-178
1666287600.820319	-176
1666287600.824496	-174
1666287600.828666	-172
1666287600.832850	-170
1666287600.836951	-168
1666287600.841114	-166
1666287600.845316	-164
1666287600.849471	-161
1666287600.853607	-159
1666287600.857912	-157
1666287600.861952	-155
1666287600.866093	-153
1666287600.870221	-151
1666287600.874407	-149
1666287600.878621	-147
1666287600.882786	-145
1666287600.886879	-143
1666287600.891054	-141
1666287600.895227	-139
1666287600.899498	-137
1666287600.903511	-134
1666287600.907703	-132
1666287600.911973	-130
1666287600.916144	-128
1666287600.920198	-126
1666287600.924343	-124
1666287600.928596	-122
1666287600.932849	-120
1666287600.936886	-118
1666287600.941004	-116
1666287600.945284	-114
1666287600.949391	-111
1666287600.953600	-109
1666287600.957847	-107
1666287600.961936	-105
1666287600.966038	-103
1666287600.970162	-101
1666287600.974413	-99
1666287600.978631	-97
1666287600.982715	-95
1666287600.986739	-93
1666287600.990858	-91
1666287600.994999	-89
1666287600.999170	-87
1666287601.003436	-85
1666287601.007577	-83
1666287601.011724	-81
1666287601.015790	-79
1666287601.019850	-77
1666287601.023993	-75
1666287601.028248	-73
1666287601.032403	-71
1666287601.036567	-70
1666287601.040651	-68
1666287601.044743	-66
1666287601.048764	-64
1666287601.052928	-62
1666287601.057038	-60
1666287601.061196	-59
1666287601.065477	-57
1666287601.069518	-55
1666287601.073656	-53
1666287601.077786	-52
1666287601.081869	-50
1666287601.086159	-48
1666287601.090290	-47
1666287601.094460	-45
1666287601.098547	-43
1666287601.102578	-42
1666287601.107002	-40
1666287601.111077	-39
1666287601.115187	-37
1666287601.119322	-36
1666287601.123421	-34
1666287601.127489	-33
1666287601.131553	-31
1666287601.135936	-30
1666287601.139960	-29
1666287601.144126	-27
1666287601.148226	-26
1666287601.152441	-24
1666287601.156449	-23
1666287601.160462	-22
1666287601.164598	-20
1666287601.168736	-19
1666287601.173107	-18
1666287601.177287	-16
1666287601.181382	-15
1666287601.185410	-14
1666287601.189370	-13
1666287601.193556	-11
1666287601.197894	-10
1666287601.202044	-9
1666287601.206106	-8
1666287601.210215	-6
1666287601.214275	-5
1666287601.218303	-4
1666287601.222398	-3
1666287601.226799	-1
1666287601.230798	0
1666287601.234984	0
1666287601.236978	0
