## Values
## High Speed = 400
## Low Speed = 300
## Acceleration = 3000
## Deceleration = 0
## Position = 0
## Idle Time = 1
## Accel/Decel profile = Sinusoidal
## Dwell time = 0.0
## Length = 500
## Cycles = 3


1666363954.129209	0
1666363954.133271	0
1666363954.135265	0
1666363954.149128	0
1666363954.153101	-2
1666363954.157043	-3
1666363954.161079	-4
1666363954.165257	-5
1666363954.169374	-7
1666363954.173558	-8
1666363954.177733	-9
1666363954.181822	-10
1666363954.185982	-12
1666363954.189949	-13
1666363954.194129	-14
1666363954.198210	-15
1666363954.202441	-17
1666363954.206513	-18
1666363954.210671	-19
1666363954.214953	-20
1666363954.219071	-22
1666363954.223038	-23
1666363954.227234	-24
1666363954.231485	-26
1666363954.235595	-27
1666363954.239788	-28
1666363954.243926	-30
1666363954.247970	-31
1666363954.252042	-32
1666363954.256291	-34
1666363954.260498	-35
1666363954.264659	-37
1666363954.268784	-38
1666363954.272945	-39
1666363954.276967	-41
1666363954.281118	-42
1666363954.285417	-44
1666363954.289584	-45
1666363954.293659	-47
1666363954.297807	-48
1666363954.301883	-49
1666363954.305904	-51
1666363954.310077	-53
1666363954.314260	-54
1666363954.318584	-56
1666363954.322776	-57
1666363954.326845	-59
1666363954.330852	-60
1666363954.334888	-62
1666363954.339239	-63
1666363954.343373	-65
1666363954.347546	-67
1666363954.351804	-68
1666363954.355698	-70
1666363954.359764	-71
1666363954.364011	-73
1666363954.368028	-75
1666363954.372299	-76
1666363954.376467	-78
1666363954.380660	-79
1666363954.384685	-81
1666363954.388678	-83
1666363954.392856	-84
1666363954.397105	-86
1666363954.401327	-88
1666363954.405499	-89
1666363954.409602	-91
1666363954.413629	-93
1666363954.417694	-94
1666363954.421788	-96
1666363954.426130	-98
1666363954.430216	-99
1666363954.434381	-101
1666363954.438513	-103
1666363954.442536	-104
1666363954.446586	-106
1666363954.450759	-108
1666363954.455068	-109
1666363954.459288	-111
1666363954.463459	-113
1666363954.467479	-114
1666363954.471489	-116
1666363954.475702	-118
1666363954.480097	-119
1666363954.484251	-121
1666363954.488398	-123
1666363954.492437	-124
1666363954.496449	-126
1666363954.500636	-128
1666363954.504946	-129
1666363954.509069	-131
1666363954.513249	-133
1666363954.517375	-134
1666363954.521350	-136
1666363954.525514	-138
1666363954.529862	-139
1666363954.534023	-141
1666363954.538182	-142
1666363954.542329	-144
1666363954.546288	-146
1666363954.550419	-147
1666363954.554806	-149
1666363954.558954	-151
1666363954.563078	-152
1666363954.567222	-154
1666363954.571228	-156
1666363954.575316	-157
1666363954.579455	-159
1666363954.583835	-161
1666363954.588000	-162
1666363954.592134	-164
1666363954.596127	-166
1666363954.600159	-167
1666363954.604567	-169
1666363954.608600	-171
1666363954.612852	-172
1666363954.616892	-174
1666363954.621089	-176
1666363954.625086	-177
1666363954.629453	-179
1666363954.633499	-181
1666363954.637835	-182
1666363954.641855	-184
1666363954.645994	-186
1666363954.650037	-187
1666363954.654149	-189
1666363954.658505	-191
1666363954.662692	-192
1666363954.666831	-194
1666363954.670879	-196
1666363954.674883	-197
1666363954.678983	-199
1666363954.683249	-201
1666363954.687546	-202
1666363954.691686	-204
1666363954.695783	-206
1666363954.699891	-207
1666363954.703941	-209
1666363954.708114	-211
1666363954.712464	-212
1666363954.716402	-214
1666363954.720774	-216
1666363954.724811	-217
1666363954.728788	-219
1666363954.733191	-221
1666363954.737331	-222
1666363954.741301	-224
1666363954.745636	-226
1666363954.749715	-227
1666363954.753714	-229
1666363954.758018	-231
1666363954.762165	-232
1666363954.766408	-234
1666363954.770540	-236
1666363954.774651	-237
1666363954.778654	-239
1666363954.782898	-241
1666363954.786976	-242
1666363954.791280	-244
1666363954.795472	-246
1666363954.799556	-247
1666363954.803602	-249
1666363954.807697	-251
1666363954.811868	-252
1666363954.816249	-254
1666363954.820383	-256
1666363954.824471	-257
1666363954.828495	-259
1666363954.832785	-261
1666363954.837022	-262
1666363954.841162	-264
1666363954.845328	-266
1666363954.849447	-267
1666363954.853437	-269
1666363954.857781	-271
1666363954.861910	-272
1666363954.865959	-274
1666363954.870321	-276
1666363954.874405	-277
1666363954.878526	-279
1666363954.882636	-281
1666363954.887082	-282
1666363954.891130	-284
1666363954.895234	-286
1666363954.899286	-287
1666363954.903492	-289
1666363954.907703	-291
1666363954.911984	-292
1666363954.916212	-294
1666363954.920284	-296
1666363954.924268	-297
1666363954.928684	-299
1666363954.932781	-301
1666363954.936983	-302
1666363954.941144	-304
1666363954.945184	-306
1666363954.949406	-307
1666363954.953430	-309
1666363954.957609	-311
1666363954.961786	-312
1666363954.966100	-314
1666363954.970112	-316
1666363954.974438	-317
1666363954.978552	-319
1666363954.982702	-321
1666363954.986909	-322
1666363954.990949	-324
1666363954.995229	-326
1666363954.999194	-327
1666363955.003499	-329
1666363955.007691	-331
1666363955.011873	-332
1666363955.015991	-334
1666363955.020098	-336
1666363955.024327	-337
1666363955.028398	-339
1666363955.032808	-341
1666363955.036944	-342
1666363955.040972	-344
1666363955.045115	-346
1666363955.049288	-347
1666363955.053658	-349
1666363955.057852	-351
1666363955.061908	-352
1666363955.065823	-354
1666363955.070105	-356
1666363955.074352	-357
1666363955.078595	-359
1666363955.082824	-361
1666363955.086840	-362
1666363955.090919	-364
1666363955.095060	-366
1666363955.099124	-367
1666363955.103544	-369
1666363955.107726	-371
1666363955.111698	-372
1666363955.116037	-374
1666363955.120101	-376
1666363955.124438	-377
1666363955.128357	-379
1666363955.132472	-381
1666363955.136603	-382
1666363955.141166	-384
1666363955.145293	-386
1666363955.149365	-387
1666363955.153565	-389
1666363955.157629	-391
1666363955.161666	-392
1666363955.166091	-394
1666363955.170187	-396
1666363955.174377	-397
1666363955.178550	-399
1666363955.182460	-401
1666363955.186802	-402
1666363955.190864	-404
1666363955.195231	-406
1666363955.199392	-407
1666363955.203496	-409
1666363955.207572	-411
1666363955.211703	-412
1666363955.216120	-414
1666363955.220287	-416
1666363955.224444	-417
1666363955.228442	-419
1666363955.232609	-421
1666363955.237044	-422
1666363955.241000	-424
1666363955.245385	-426
1666363955.249381	-427
1666363955.253584	-429
1666363955.258003	-431
1666363955.262181	-432
1666363955.266337	-434
1666363955.270302	-435
1666363955.274485	-437
1666363955.278855	-439
1666363955.283079	-440
1666363955.287276	-442
1666363955.291262	-443
1666363955.295382	-445
1666363955.299738	-446
1666363955.303999	-448
1666363955.308183	-450
1666363955.312209	-451
1666363955.316463	-453
1666363955.320621	-454
1666363955.324942	-456
1666363955.329113	-457
1666363955.333160	-458
1666363955.337251	-460
1666363955.341759	-461
1666363955.345938	-463
1666363955.350037	-464
1666363955.354114	-466
1666363955.358339	-467
1666363955.362442	-468
1666363955.366794	-470
1666363955.370972	-471
1666363955.375030	-472
1666363955.379153	-474
1666363955.383327	-475
1666363955.387708	-476
1666363955.391865	-478
1666363955.395985	-479
1666363955.399988	-480
1666363955.404298	-482
1666363955.408648	-483
1666363955.412848	-484
1666363955.416921	-486
1666363955.421029	-487
1666363955.425417	-488
1666363955.429278	-489
1666363955.433834	-491
1666363955.437918	-492
1666363955.441947	-493
1666363955.446376	-495
1666363955.450518	-496
1666363955.454697	-497
1666363955.458810	-498
1666363955.462891	-500
1666363955.467321	-500
1666363955.469663	-500
1666363955.483068	-499
1666363955.487444	-498
1666363955.491405	-497
1666363955.495603	-496
1666363955.499618	-494
1666363955.503821	-493
1666363955.508177	-492
1666363955.512382	-491
1666363955.516553	-489
1666363955.520596	-488
1666363955.524801	-487
1666363955.529162	-486
1666363955.533367	-484
1666363955.537533	-483
1666363955.541616	-482
1666363955.545898	-480
1666363955.550062	-479
1666363955.554305	-478
1666363955.558296	-476
1666363955.562580	-475
1666363955.566701	-474
1666363955.570900	-472
1666363955.575267	-471
1666363955.579414	-470
1666363955.583486	-468
1666363955.587746	-467
1666363955.591910	-466
1666363955.596168	-464
1666363955.600348	-463
1666363955.604423	-461
1666363955.608534	-460
1666363955.612844	-459
1666363955.617160	-457
1666363955.621330	-456
1666363955.625368	-454
1666363955.629507	-453
1666363955.633834	-451
1666363955.638099	-450
1666363955.642312	-448
1666363955.646310	-447
1666363955.650435	-445
1666363955.654906	-443
1666363955.659077	-442
1666363955.663245	-440
1666363955.667326	-439
1666363955.671419	-437
1666363955.675816	-436
1666363955.680021	-434
1666363955.684170	-432
1666363955.688200	-431
1666363955.692391	-429
1666363955.696826	-427
1666363955.700927	-426
1666363955.705151	-424
1666363955.709130	-423
1666363955.713235	-421
1666363955.717613	-419
1666363955.721908	-418
1666363955.726075	-416
1666363955.730121	-414
1666363955.734422	-413
1666363955.738611	-411
1666363955.742906	-409
1666363955.747059	-407
1666363955.751063	-406
1666363955.755196	-404
1666363955.759601	-402
1666363955.763786	-401
1666363955.767949	-399
1666363955.772017	-397
1666363955.776041	-396
1666363955.780196	-394
1666363955.784428	-392
1666363955.788746	-391
1666363955.792904	-389
1666363955.796979	-387
1666363955.801000	-386
1666363955.805158	-384
1666363955.809560	-382
1666363955.813737	-381
1666363955.817800	-379
1666363955.821886	-377
1666363955.826116	-376
1666363955.830209	-374
1666363955.834577	-372
1666363955.838744	-371
1666363955.842624	-369
1666363955.846854	-367
1666363955.851135	-366
1666363955.855237	-364
1666363955.859515	-362
1666363955.863667	-361
1666363955.867719	-359
1666363955.871770	-357
1666363955.875942	-356
1666363955.880136	-354
1666363955.884636	-352
1666363955.888649	-351
1666363955.892610	-349
1666363955.896753	-347
1666363955.900964	-346
1666363955.905287	-344
1666363955.909407	-342
1666363955.913575	-341
1666363955.917605	-339
1666363955.921784	-337
1666363955.926094	-336
1666363955.930297	-334
1666363955.934465	-332
1666363955.938526	-331
1666363955.942552	-329
1666363955.946760	-327
1666363955.951114	-326
1666363955.955280	-324
1666363955.959399	-322
1666363955.963466	-321
1666363955.967744	-319
1666363955.971731	-317
1666363955.976126	-316
1666363955.980294	-314
1666363955.984421	-312
1666363955.988473	-311
1666363955.992742	-309
1666363955.996977	-307
1666363956.001131	-306
1666363956.005274	-304
1666363956.009348	-302
1666363956.013401	-301
1666363956.017656	-299
1666363956.021955	-297
1666363956.026133	-296
1666363956.030262	-294
1666363956.034280	-292
1666363956.038391	-291
1666363956.042723	-289
1666363956.046947	-287
1666363956.051126	-286
1666363956.055227	-284
1666363956.059278	-282
1666363956.063356	-281
1666363956.067792	-279
1666363956.071958	-277
1666363956.076084	-276
1666363956.080157	-274
1666363956.084258	-272
1666363956.088370	-271
1666363956.092706	-269
1666363956.096951	-267
1666363956.101078	-266
1666363956.105145	-264
1666363956.109185	-262
1666363956.113424	-261
1666363956.117701	-259
1666363956.121737	-257
1666363956.125775	-256
1666363956.129949	-254
1666363956.134155	-252
1666363956.138280	-251
1666363956.142644	-249
1666363956.146764	-247
1666363956.150881	-246
1666363956.154900	-244
1666363956.159045	-242
1666363956.163190	-241
1666363956.167565	-239
1666363956.171684	-237
1666363956.175851	-236
1666363956.179770	-234
1666363956.183935	-232
1666363956.188175	-231
1666363956.192435	-229
1666363956.196628	-227
1666363956.200788	-226
1666363956.204840	-224
1666363956.208846	-222
1666363956.213270	-221
1666363956.217177	-219
1666363956.221597	-217
1666363956.225694	-216
1666363956.229785	-214
1666363956.233804	-212
1666363956.238103	-211
1666363956.242239	-209
1666363956.246492	-207
1666363956.250643	-206
1666363956.254709	-204
1666363956.258650	-203
1666363956.262927	-201
1666363956.267177	-199
1666363956.271126	-198
1666363956.275519	-196
1666363956.279611	-194
1666363956.283609	-193
1666363956.287791	-191
1666363956.291898	-189
1666363956.296218	-188
1666363956.300409	-186
1666363956.304526	-184
1666363956.308422	-183
1666363956.312595	-181
1666363956.316744	-179
1666363956.321039	-178
1666363956.325299	-176
1666363956.329431	-174
1666363956.333483	-173
1666363956.337500	-171
1666363956.341690	-169
1666363956.346005	-168
1666363956.350183	-166
1666363956.354382	-164
1666363956.358447	-163
1666363956.362431	-161
1666363956.366821	-159
1666363956.370781	-158
1666363956.375090	-156
1666363956.379263	-154
1666363956.383374	-153
1666363956.387360	-151
1666363956.391617	-149
1666363956.395674	-148
1666363956.399691	-146
1666363956.404155	-144
1666363956.408265	-143
1666363956.412292	-141
1666363956.416476	-139
1666363956.420517	-138
1666363956.424878	-136
1666363956.429024	-134
1666363956.433161	-133
1666363956.437116	-131
1666363956.441328	-129
1666363956.445453	-128
1666363956.449850	-126
1666363956.453980	-124
1666363956.458114	-123
1666363956.462153	-121
1666363956.466238	-119
1666363956.470369	-118
1666363956.474689	-116
1666363956.478843	-114
1666363956.483018	-113
1666363956.487117	-111
1666363956.491057	-109
1666363956.495390	-108
1666363956.499643	-106
1666363956.503726	-104
1666363956.507889	-103
1666363956.511990	-101
1666363956.516022	-99
1666363956.519995	-98
1666363956.524173	-96
1666363956.528369	-95
1666363956.532650	-93
1666363956.536779	-91
1666363956.540909	-90
1666363956.544950	-88
1666363956.549014	-86
1666363956.553328	-85
1666363956.557361	-83
1666363956.561588	-81
1666363956.565734	-80
1666363956.569883	-78
1666363956.573826	-76
1666363956.577950	-75
1666363956.582114	-73
1666363956.586164	-72
1666363956.590575	-70
1666363956.594704	-68
1666363956.598808	-67
1666363956.602758	-65
1666363956.607027	-63
1666363956.611015	-62
1666363956.615344	-60
1666363956.619236	-59
1666363956.623580	-57
1666363956.627691	-56
1666363956.631746	-54
1666363956.636043	-53
1666363956.640223	-51
1666363956.644348	-50
1666363956.648474	-48
1666363956.652594	-47
1666363956.656610	-45
1666363956.660634	-44
1666363956.664844	-42
1666363956.669142	-41
1666363956.673329	-39
1666363956.677436	-38
1666363956.681540	-37
1666363956.685504	-35
1666363956.689643	-34
1666363956.693765	-32
1666363956.698071	-31
1666363956.702274	-30
1666363956.706400	-28
1666363956.710244	-27
1666363956.714495	-26
1666363956.718790	-24
1666363956.722992	-23
1666363956.727061	-22
1666363956.731249	-20
1666363956.735380	-19
1666363956.739429	-18
1666363956.743415	-17
1666363956.747659	-15
1666363956.751813	-14
1666363956.756085	-13
1666363956.760230	-11
1666363956.764295	-10
1666363956.768312	-9
1666363956.772302	-8
1666363956.776428	-6
1666363956.780516	-5
1666363956.784818	-4
1666363956.788976	-3
1666363956.793074	-1
1666363956.797149	0
1666363956.801270	0
1666363956.803221	0
1666363956.805211	0
1666363956.809365	0
1666363956.811332	0
1666363956.825108	-1
1666363956.829186	-2
1666363956.833084	-3
1666363956.837218	-4
1666363956.841247	-5
1666363956.845487	-7
1666363956.849540	-8
1666363956.853764	-9
1666363956.857882	-10
1666363956.861950	-12
1666363956.865913	-13
1666363956.870068	-14
1666363956.874210	-15
1666363956.878538	-17
1666363956.882492	-18
1666363956.886999	-19
1666363956.890889	-21
1666363956.894923	-22
1666363956.899093	-23
1666363956.903189	-25
1666363956.907578	-26
1666363956.911692	-27
1666363956.915869	-28
1666363956.919833	-30
1666363956.923885	-31
1666363956.928017	-33
1666363956.932298	-34
1666363956.936519	-35
1666363956.940534	-37
1666363956.944782	-38
1666363956.948796	-39
1666363956.952924	-41
1666363956.957013	-42
1666363956.961179	-44
1666363956.965574	-45
1666363956.969508	-47
1666363956.973604	-48
1666363956.977821	-50
1666363956.981910	-51
1666363956.986260	-53
1666363956.990163	-54
1666363956.994539	-56
1666363956.998626	-57
1666363957.002681	-59
1666363957.006741	-60
1666363957.010886	-62
1666363957.015222	-63
1666363957.019380	-65
1666363957.023547	-67
1666363957.027647	-68
1666363957.031669	-70
1666363957.035879	-71
1666363957.040116	-73
1666363957.044229	-75
1666363957.048307	-76
1666363957.052433	-78
1666363957.056543	-80
1666363957.060639	-81
1666363957.064965	-83
1666363957.069119	-85
1666363957.073246	-86
1666363957.077279	-88
1666363957.081439	-90
1666363957.085428	-91
1666363957.089669	-93
1666363957.093685	-94
1666363957.097972	-96
1666363957.102137	-98
1666363957.106264	-99
1666363957.110549	-101
1666363957.114346	-103
1666363957.118510	-104
1666363957.122836	-106
1666363957.126925	-108
1666363957.130867	-109
1666363957.135377	-111
1666363957.139419	-113
1666363957.143415	-114
1666363957.147506	-116
1666363957.151719	-118
1666363957.155972	-119
1666363957.160161	-121
1666363957.164218	-123
1666363957.168226	-124
1666363957.172438	-126
1666363957.176748	-128
1666363957.180907	-129
1666363957.185093	-131
1666363957.189200	-133
1666363957.193190	-134
1666363957.197555	-136
1666363957.201640	-138
1666363957.205647	-139
1666363957.209825	-141
1666363957.214081	-143
1666363957.218140	-144
1666363957.222241	-146
1666363957.226595	-148
1666363957.230771	-149
1666363957.234919	-151
1666363957.239052	-153
1666363957.242975	-154
1666363957.247135	-156
1666363957.251504	-158
1666363957.255605	-159
1666363957.259830	-161
1666363957.263945	-163
1666363957.267977	-164
1666363957.272025	-166
1666363957.276402	-168
1666363957.280448	-169
1666363957.284702	-171
1666363957.288829	-173
1666363957.292908	-174
1666363957.296933	-176
1666363957.301240	-178
1666363957.305351	-179
1666363957.309653	-181
1666363957.313857	-183
1666363957.317889	-184
1666363957.321852	-186
1666363957.326139	-188
1666363957.330176	-189
1666363957.334242	-191
1666363957.338641	-192
1666363957.342777	-194
1666363957.346764	-196
1666363957.350889	-197
1666363957.355070	-199
1666363957.359166	-201
1666363957.363541	-202
1666363957.367685	-204
1666363957.371589	-206
1666363957.375897	-207
1666363957.380115	-209
1666363957.384258	-211
1666363957.388430	-212
1666363957.392597	-214
1666363957.396632	-216
1666363957.400663	-217
1666363957.404994	-219
1666363957.409211	-221
1666363957.413357	-222
1666363957.417512	-224
1666363957.421558	-226
1666363957.425644	-227
1666363957.429729	-229
1666363957.433988	-231
1666363957.438258	-232
1666363957.442349	-234
1666363957.446491	-236
1666363957.450520	-237
1666363957.454762	-239
1666363957.458760	-241
1666363957.463194	-242
1666363957.467007	-244
1666363957.471197	-246
1666363957.475358	-247
1666363957.479625	-249
1666363957.483696	-251
1666363957.487832	-252
1666363957.491975	-254
1666363957.496104	-256
1666363957.500346	-257
1666363957.504518	-259
1666363957.508574	-261
1666363957.512758	-262
1666363957.516932	-264
1666363957.521088	-266
1666363957.525321	-267
1666363957.529455	-269
1666363957.533578	-271
1666363957.537765	-272
1666363957.541892	-274
1666363957.546181	-276
1666363957.550337	-277
1666363957.554634	-279
1666363957.558689	-281
1666363957.562952	-282
1666363957.567113	-284
1666363957.571096	-286
1666363957.575442	-287
1666363957.579535	-289
1666363957.583700	-291
1666363957.587902	-292
1666363957.591963	-294
1666363957.596249	-296
1666363957.600444	-297
1666363957.604662	-299
1666363957.608787	-301
1666363957.613034	-302
1666363957.617032	-304
1666363957.621057	-306
1666363957.625465	-307
1666363957.629669	-309
1666363957.633833	-311
1666363957.637954	-312
1666363957.641970	-314
1666363957.646048	-316
1666363957.650479	-317
1666363957.654641	-319
1666363957.658823	-321
1666363957.662914	-322
1666363957.666907	-324
1666363957.671210	-326
1666363957.675456	-327
1666363957.679390	-329
1666363957.683817	-331
1666363957.687824	-332
1666363957.691845	-334
1666363957.696051	-336
1666363957.700389	-337
1666363957.704646	-339
1666363957.708758	-341
1666363957.712640	-342
1666363957.716856	-344
1666363957.721004	-346
1666363957.725596	-347
1666363957.729674	-349
1666363957.733715	-351
1666363957.737736	-352
1666363957.741875	-354
1666363957.746253	-356
1666363957.750455	-357
1666363957.754612	-359
1666363957.758673	-361
1666363957.762744	-362
1666363957.766882	-364
1666363957.771171	-366
1666363957.775439	-367
1666363957.779579	-369
1666363957.783609	-371
1666363957.787723	-372
1666363957.791918	-374
1666363957.796161	-376
1666363957.800522	-377
1666363957.804394	-379
1666363957.808680	-381
1666363957.812749	-382
1666363957.817014	-384
1666363957.821264	-386
1666363957.825412	-387
1666363957.829440	-389
1666363957.833604	-391
1666363957.837904	-392
1666363957.841866	-394
1666363957.846289	-396
1666363957.850401	-397
1666363957.854417	-399
1666363957.858628	-401
1666363957.862864	-402
1666363957.866842	-404
1666363957.871244	-406
1666363957.875360	-407
1666363957.879363	-409
1666363957.883852	-411
1666363957.888011	-412
1666363957.892071	-414
1666363957.896168	-416
1666363957.900306	-417
1666363957.904630	-419
1666363957.908795	-421
1666363957.912984	-422
1666363957.917198	-424
1666363957.921242	-426
1666363957.925627	-427
1666363957.929788	-429
1666363957.933965	-431
1666363957.938133	-432
1666363957.942191	-434
1666363957.946350	-436
1666363957.950631	-437
1666363957.954910	-439
1666363957.959080	-440
1666363957.963148	-442
1666363957.967314	-443
1666363957.971695	-445
1666363957.975877	-447
1666363957.979989	-448
1666363957.984054	-450
1666363957.988436	-451
1666363957.992582	-453
1666363957.996822	-454
1666363958.000963	-456
1666363958.005001	-457
1666363958.009142	-459
1666363958.013573	-460
1666363958.017846	-461
1666363958.022098	-463
1666363958.025906	-464
1666363958.030299	-466
1666363958.034471	-467
1666363958.038583	-469
1666363958.042775	-470
1666363958.046931	-471
1666363958.051130	-473
1666363958.055433	-474
1666363958.059636	-475
1666363958.063847	-477
1666363958.067862	-478
1666363958.071980	-479
1666363958.076196	-481
1666363958.080573	-482
1666363958.084727	-483
1666363958.088816	-484
1666363958.092863	-486
1666363958.097131	-487
1666363958.101454	-488
1666363958.105632	-490
1666363958.109725	-491
1666363958.113767	-492
1666363958.117998	-493
1666363958.122385	-495
1666363958.126594	-496
1666363958.130667	-497
1666363958.134669	-498
1666363958.138979	-500
1666363958.143585	-500
1666363958.145624	-500
1666363958.159117	-499
1666363958.163388	-498
1666363958.167537	-497
1666363958.171557	-496
1666363958.175676	-494
1666363958.179887	-493
1666363958.184320	-492
1666363958.188468	-491
1666363958.192496	-489
1666363958.196820	-488
1666363958.200983	-487
1666363958.205244	-486
1666363958.209407	-484
1666363958.213418	-483
1666363958.217592	-482
1666363958.221953	-480
1666363958.226198	-479
1666363958.230328	-478
1666363958.234380	-476
1666363958.238589	-475
1666363958.242972	-474
1666363958.247168	-472
1666363958.251318	-471
1666363958.255327	-470
1666363958.259475	-468
1666363958.263753	-467
1666363958.268084	-466
1666363958.272263	-464
1666363958.276297	-463
1666363958.280451	-461
1666363958.284755	-460
1666363958.289062	-459
1666363958.293162	-457
1666363958.297240	-456
1666363958.301393	-454
1666363958.305867	-453
1666363958.309778	-451
1666363958.314182	-450
1666363958.318174	-448
1666363958.322361	-447
1666363958.326687	-445
1666363958.330979	-443
1666363958.335149	-442
1666363958.339136	-440
1666363958.343311	-439
1666363958.347657	-437
1666363958.351909	-436
1666363958.356040	-434
1666363958.360041	-432
1666363958.364239	-431
1666363958.368637	-429
1666363958.372814	-427
1666363958.376979	-426
1666363958.381018	-424
1666363958.385405	-423
1666363958.389590	-421
1666363958.393821	-419
1666363958.397925	-418
1666363958.401881	-416
1666363958.406364	-414
1666363958.410468	-413
1666363958.414739	-411
1666363958.418898	-409
1666363958.422923	-407
1666363958.427283	-406
1666363958.431489	-404
1666363958.435601	-402
1666363958.439813	-401
1666363958.443827	-399
1666363958.447896	-397
1666363958.452105	-396
1666363958.456390	-394
1666363958.460605	-392
1666363958.464760	-391
1666363958.468792	-389
1666363958.473043	-387
1666363958.477175	-386
1666363958.481367	-384
1666363958.485582	-382
1666363958.489699	-381
1666363958.493668	-379
1666363958.498039	-377
1666363958.502166	-376
1666363958.506408	-374
1666363958.510573	-372
1666363958.514629	-371
1666363958.518751	-369
1666363958.523060	-367
1666363958.527257	-366
1666363958.531328	-364
1666363958.535537	-362
1666363958.539563	-361
1666363958.543696	-359
1666363958.548081	-357
1666363958.552239	-356
1666363958.556354	-354
1666363958.560486	-352
1666363958.564524	-351
1666363958.568842	-349
1666363958.573025	-347
1666363958.577193	-346
1666363958.581424	-344
1666363958.585363	-342
1666363958.589528	-341
1666363958.593762	-339
1666363958.598111	-337
1666363958.602196	-336
1666363958.606350	-334
1666363958.610350	-332
1666363958.614633	-331
1666363958.618707	-329
1666363958.622990	-327
1666363958.627245	-326
1666363958.631356	-324
1666363958.635369	-322
1666363958.639561	-321
1666363958.643730	-319
1666363958.648123	-317
1666363958.652257	-316
1666363958.656210	-314
1666363958.660415	-312
1666363958.664622	-311
1666363958.668775	-309
1666363958.672935	-307
1666363958.677096	-306
1666363958.681202	-304
1666363958.685309	-302
1666363958.689554	-301
1666363958.693738	-299
1666363958.697959	-297
1666363958.702044	-296
1666363958.706186	-294
1666363958.710444	-292
1666363958.714629	-291
1666363958.718849	-289
1666363958.723006	-287
1666363958.727068	-286
1666363958.731099	-284
1666363958.735466	-282
1666363958.739592	-281
1666363958.743576	-279
1666363958.747960	-277
1666363958.752043	-276
1666363958.756258	-274
1666363958.760286	-272
1666363958.764635	-271
1666363958.768819	-269
1666363958.772950	-267
1666363958.776980	-266
1666363958.781143	-264
1666363958.785432	-262
1666363958.789684	-261
1666363958.793768	-259
1666363958.797883	-257
1666363958.801936	-256
1666363958.806080	-254
1666363958.810343	-252
1666363958.814615	-251
1666363958.818732	-249
1666363958.822798	-247
1666363958.826826	-246
1666363958.830968	-244
1666363958.835107	-242
1666363958.839436	-241
1666363958.843640	-239
1666363958.847756	-237
1666363958.851752	-236
1666363958.855867	-234
1666363958.860075	-232
1666363958.864287	-231
1666363958.868522	-229
1666363958.872452	-227
1666363958.876685	-226
1666363958.880787	-224
1666363958.885099	-222
1666363958.889251	-221
1666363958.893372	-219
1666363958.897354	-217
1666363958.901692	-216
1666363958.905765	-214
1666363958.909833	-212
1666363958.913991	-211
1666363958.918150	-209
1666363958.922402	-207
1666363958.926441	-206
1666363958.930683	-204
1666363958.934779	-203
1666363958.939063	-201
1666363958.942999	-199
1666363958.947419	-198
1666363958.951439	-196
1666363958.955439	-194
1666363958.959828	-193
1666363958.963776	-191
1666363958.968110	-189
1666363958.972290	-188
1666363958.976359	-186
1666363958.980450	-184
1666363958.984839	-183
1666363958.988923	-181
1666363958.993063	-179
1666363958.997222	-178
1666363959.001300	-176
1666363959.005328	-174
1666363959.009467	-173
1666363959.013650	-171
1666363959.017942	-169
1666363959.022115	-168
1666363959.026245	-166
1666363959.030312	-164
1666363959.034502	-163
1666363959.038743	-161
1666363959.042780	-159
1666363959.046999	-158
1666363959.051152	-156
1666363959.055238	-154
1666363959.059218	-153
1666363959.063409	-151
1666363959.067800	-149
1666363959.071882	-148
1666363959.076037	-146
1666363959.080095	-144
1666363959.084134	-143
1666363959.088298	-141
1666363959.092374	-139
1666363959.096795	-138
1666363959.100925	-136
1666363959.105050	-134
1666363959.109044	-133
1666363959.113156	-131
1666363959.117532	-129
1666363959.121681	-128
1666363959.125851	-126
1666363959.129951	-124
1666363959.133974	-123
1666363959.138197	-121
1666363959.142480	-119
1666363959.146604	-118
1666363959.150800	-116
1666363959.154877	-114
1666363959.158911	-113
1666363959.162979	-111
1666363959.167165	-109
1666363959.171302	-108
1666363959.175479	-106
1666363959.179602	-104
1666363959.183699	-103
1666363959.187890	-101
1666363959.192021	-99
1666363959.196444	-98
1666363959.200517	-96
1666363959.204550	-95
1666363959.208623	-93
1666363959.212717	-91
1666363959.216713	-90
1666363959.220879	-88
1666363959.225132	-86
1666363959.229357	-85
1666363959.233487	-83
1666363959.237656	-81
1666363959.241670	-80
1666363959.245771	-78
1666363959.250039	-76
1666363959.254112	-75
1666363959.258341	-73
1666363959.262262	-72
1666363959.266582	-70
1666363959.270586	-68
1666363959.274637	-67
1666363959.279046	-65
1666363959.283143	-64
1666363959.287317	-62
1666363959.291443	-60
1666363959.295562	-59
1666363959.299529	-57
1666363959.303607	-56
1666363959.307787	-54
1666363959.312115	-53
1666363959.316271	-51
1666363959.320416	-50
1666363959.324473	-48
1666363959.328506	-47
1666363959.332695	-45
1666363959.336987	-44
1666363959.341037	-42
1666363959.345201	-41
1666363959.349374	-39
1666363959.353407	-38
1666363959.357522	-37
1666363959.361628	-35
1666363959.365986	-34
1666363959.370100	-32
1666363959.374190	-31
1666363959.378349	-30
1666363959.382338	-28
1666363959.386452	-27
1666363959.390551	-26
1666363959.394916	-24
1666363959.398759	-23
1666363959.403158	-22
1666363959.407278	-20
1666363959.411267	-19
1666363959.415393	-18
1666363959.419775	-17
1666363959.423878	-15
1666363959.428024	-14
1666363959.432110	-13
1666363959.436167	-11
1666363959.440152	-10
1666363959.444451	-9
1666363959.448571	-8
1666363959.452642	-6
1666363959.456870	-5
1666363959.460741	-4
1666363959.465028	-3
1666363959.468863	-1
1666363959.473067	0
1666363959.477592	0
1666363959.479306	0
1666363959.481556	0
1666363959.485713	0
1666363959.487664	0
1666363959.501007	-1
1666363959.505053	-2
1666363959.509238	-3
1666363959.513310	-4
1666363959.517393	-5
1666363959.521452	-7
1666363959.525524	-8
1666363959.529680	-9
1666363959.533782	-10
1666363959.537945	-12
1666363959.542186	-13
1666363959.546282	-14
1666363959.550429	-15
1666363959.554493	-17
1666363959.558606	-18
1666363959.562838	-19
1666363959.566816	-21
1666363959.571200	-22
1666363959.575346	-23
1666363959.579486	-25
1666363959.583655	-26
1666363959.587534	-27
1666363959.591662	-28
1666363959.595926	-30
1666363959.599973	-31
1666363959.604279	-32
1666363959.608476	-34
1666363959.612594	-35
1666363959.616713	-37
1666363959.620713	-38
1666363959.624844	-39
1666363959.629190	-41
1666363959.633295	-42
1666363959.637434	-44
1666363959.641571	-45
1666363959.645643	-47
1666363959.649622	-48
1666363959.653841	-50
1666363959.658138	-51
1666363959.662340	-53
1666363959.666435	-54
1666363959.670543	-56
1666363959.674531	-57
1666363959.678801	-59
1666363959.682844	-60
1666363959.687174	-62
1666363959.691344	-63
1666363959.695439	-65
1666363959.699463	-67
1666363959.703458	-68
1666363959.707850	-70
1666363959.711724	-71
1666363959.716120	-73
1666363959.720326	-75
1666363959.724400	-76
1666363959.728406	-78
1666363959.732478	-80
1666363959.736778	-81
1666363959.740887	-83
1666363959.745170	-85
1666363959.749180	-86
1666363959.753327	-88
1666363959.757402	-90
1666363959.761663	-91
1666363959.765821	-93
1666363959.769946	-94
1666363959.773813	-96
1666363959.778180	-98
1666363959.782290	-99
1666363959.786268	-101
1666363959.790420	-103
1666363959.794789	-104
1666363959.798926	-106
1666363959.803128	-108
1666363959.807207	-109
1666363959.811140	-111
1666363959.815374	-113
1666363959.819472	-114
1666363959.823790	-116
1666363959.827957	-118
1666363959.832128	-119
1666363959.836185	-121
1666363959.840221	-123
1666363959.844366	-124
1666363959.848723	-126
1666363959.852901	-128
1666363959.857059	-129
1666363959.860933	-131
1666363959.865167	-133
1666363959.869201	-134
1666363959.873318	-136
1666363959.877742	-138
1666363959.881708	-139
1666363959.886078	-141
1666363959.890090	-143
1666363959.894264	-144
1666363959.898463	-146
1666363959.902430	-148
1666363959.906727	-149
1666363959.910834	-151
1666363959.914850	-153
1666363959.919041	-154
1666363959.923348	-156
1666363959.927480	-158
1666363959.931670	-159
1666363959.935755	-161
1666363959.939817	-163
1666363959.943940	-164
1666363959.948263	-166
1666363959.952437	-168
1666363959.956552	-169
1666363959.960670	-171
1666363959.964791	-173
1666363959.969018	-174
1666363959.973210	-176
1666363959.977509	-178
1666363959.981459	-179
1666363959.985667	-181
1666363959.989710	-183
1666363959.993696	-184
1666363959.997874	-186
1666363960.002175	-187
1666363960.006399	-189
1666363960.010551	-191
1666363960.014598	-192
1666363960.018620	-194
1666363960.022959	-196
1666363960.027119	-197
1666363960.031349	-199
1666363960.035461	-201
1666363960.039544	-202
1666363960.043610	-204
1666363960.047908	-206
1666363960.051979	-207
1666363960.056177	-209
1666363960.060109	-211
1666363960.064498	-212
1666363960.068469	-214
1666363960.072588	-216
1666363960.076739	-217
1666363960.081046	-219
1666363960.085267	-221
1666363960.089367	-222
1666363960.093426	-224
1666363960.097480	-226
1666363960.101629	-227
1666363960.105988	-229
1666363960.110183	-231
1666363960.114292	-232
1666363960.118349	-234
1666363960.122370	-236
1666363960.126560	-237
1666363960.130657	-239
1666363960.134899	-241
1666363960.139157	-242
1666363960.143122	-244
1666363960.147272	-246
1666363960.151689	-247
1666363960.155809	-249
1666363960.159968	-251
1666363960.164094	-252
1666363960.168217	-254
1666363960.172204	-256
1666363960.176376	-257
1666363960.180665	-259
1666363960.184758	-261
1666363960.189041	-262
1666363960.193126	-264
1666363960.197214	-266
1666363960.201390	-267
1666363960.205732	-269
1666363960.209902	-271
1666363960.213849	-272
1666363960.218087	-274
1666363960.222226	-276
1666363960.226368	-277
1666363960.230702	-279
1666363960.234840	-281
1666363960.238990	-282
1666363960.242987	-284
1666363960.247157	-286
1666363960.251521	-287
1666363960.255690	-289
1666363960.259893	-291
1666363960.263947	-292
1666363960.267953	-294
1666363960.272127	-296
1666363960.276519	-297
1666363960.280675	-299
1666363960.284848	-301
1666363960.288868	-302
1666363960.293101	-304
1666363960.297348	-306
1666363960.301520	-307
1666363960.305752	-309
1666363960.309824	-311
1666363960.313860	-312
1666363960.318104	-314
1666363960.322267	-316
1666363960.326500	-317
1666363960.330676	-319
1666363960.334746	-321
1666363960.338772	-322
1666363960.343073	-324
1666363960.347262	-326
1666363960.351482	-327
1666363960.355663	-329
1666363960.359684	-331
1666363960.363781	-332
1666363960.368172	-334
1666363960.372319	-336
1666363960.376500	-337
1666363960.380646	-339
1666363960.384612	-341
1666363960.388937	-342
1666363960.393166	-344
1666363960.397304	-346
1666363960.401454	-347
1666363960.405612	-349
1666363960.409603	-351
1666363960.413765	-352
1666363960.418163	-354
1666363960.422357	-356
1666363960.426470	-357
1666363960.430539	-359
1666363960.434600	-361
1666363960.438985	-362
1666363960.443123	-364
1666363960.447302	-366
1666363960.451390	-367
1666363960.455428	-369
1666363960.459549	-371
1666363960.463883	-372
1666363960.468140	-374
1666363960.472308	-376
1666363960.476423	-377
1666363960.480395	-379
1666363960.484565	-381
1666363960.488918	-382
1666363960.493141	-384
1666363960.497249	-386
1666363960.501295	-387
1666363960.505519	-389
1666363960.509783	-391
1666363960.513927	-392
1666363960.518103	-394
1666363960.522291	-396
1666363960.526256	-397
1666363960.530395	-399
1666363960.534684	-401
1666363960.538958	-402
1666363960.543130	-404
1666363960.547174	-406
1666363960.551192	-407
1666363960.555384	-409
1666363960.559560	-411
1666363960.564061	-412
1666363960.568122	-414
1666363960.572128	-416
1666363960.576345	-417
1666363960.580765	-419
1666363960.584927	-421
1666363960.588913	-422
1666363960.593107	-424
1666363960.597514	-426
1666363960.601751	-427
1666363960.605944	-429
1666363960.610054	-431
1666363960.614060	-432
1666363960.618222	-434
1666363960.622431	-436
1666363960.626849	-437
1666363960.630983	-439
1666363960.634968	-440
1666363960.639320	-442
1666363960.643463	-443
1666363960.647523	-445
1666363960.651867	-447
1666363960.655917	-448
1666363960.660093	-450
1666363960.664496	-451
1666363960.668716	-453
1666363960.672865	-454
1666363960.676918	-456
1666363960.681219	-457
1666363960.685420	-459
1666363960.689615	-460
1666363960.693769	-461
1666363960.697799	-463
1666363960.701954	-464
1666363960.706269	-466
1666363960.710336	-467
1666363960.714708	-468
1666363960.718736	-470
1666363960.723198	-471
1666363960.727148	-473
1666363960.731455	-474
1666363960.735593	-475
1666363960.739686	-477
1666363960.743788	-478
1666363960.748247	-479
1666363960.752398	-481
1666363960.756569	-482
1666363960.760635	-483
1666363960.764723	-484
1666363960.768881	-486
1666363960.773082	-487
1666363960.777279	-488
1666363960.781476	-490
1666363960.785600	-491
1666363960.789853	-492
1666363960.794033	-493
1666363960.798218	-495
1666363960.802388	-496
1666363960.806564	-497
1666363960.810855	-498
1666363960.814951	-500
1666363960.819490	-500
1666363960.821590	-500
1666363960.835020	-499
1666363960.839185	-498
1666363960.843384	-497
1666363960.847575	-496
1666363960.851716	-494
1666363960.855903	-493
1666363960.860051	-492
1666363960.864332	-491
1666363960.868490	-489
1666363960.872674	-488
1666363960.876882	-487
1666363960.880983	-486
1666363960.885247	-484
1666363960.889422	-483
1666363960.893663	-482
1666363960.897798	-480
1666363960.901994	-479
1666363960.906230	-478
1666363960.910371	-476
1666363960.914549	-475
1666363960.918735	-474
1666363960.922910	-472
1666363960.927090	-471
1666363960.931302	-470
1666363960.935524	-468
1666363960.939663	-467
1666363960.943912	-466
1666363960.948052	-464
1666363960.952288	-463
1666363960.956461	-461
1666363960.960615	-460
1666363960.964792	-459
1666363960.968955	-457
1666363960.973242	-456
1666363960.977382	-454
1666363960.981606	-453
1666363960.985805	-451
1666363960.989946	-450
1666363960.994179	-448
1666363960.998348	-447
1666363961.002536	-445
1666363961.006770	-443
1666363961.010982	-442
1666363961.015301	-440
1666363961.019481	-439
1666363961.023569	-437
1666363961.027795	-436
1666363961.031912	-434
1666363961.036094	-432
1666363961.040376	-431
1666363961.044572	-429
1666363961.048724	-427
1666363961.052846	-426
1666363961.057028	-424
1666363961.061183	-423
1666363961.065613	-421
1666363961.069764	-419
1666363961.073751	-418
1666363961.078077	-416
1666363961.082306	-414
1666363961.086330	-413
1666363961.090652	-411
1666363961.094757	-409
1666363961.099213	-408
1666363961.103470	-406
1666363961.107491	-404
1666363961.111647	-402
1666363961.115669	-401
1666363961.120149	-399
1666363961.123902	-397
1666363961.128342	-396
1666363961.132463	-394
1666363961.136650	-392
1666363961.140621	-391
1666363961.144758	-389
1666363961.149156	-387
1666363961.153375	-386
1666363961.157502	-384
1666363961.161555	-382
1666363961.165563	-381
1666363961.169886	-379
1666363961.174222	-377
1666363961.178305	-376
1666363961.182460	-374
1666363961.186459	-372
1666363961.190571	-371
1666363961.194811	-369
1666363961.199172	-367
1666363961.203244	-366
1666363961.207302	-364
1666363961.211459	-362
1666363961.215683	-361
1666363961.219841	-359
1666363961.224014	-357
1666363961.228188	-356
1666363961.232356	-354
1666363961.236381	-352
1666363961.240569	-351
1666363961.244658	-349
1666363961.249030	-347
1666363961.253214	-346
1666363961.257297	-344
1666363961.261358	-342
1666363961.265805	-341
1666363961.269921	-339
1666363961.274051	-337
1666363961.278193	-336
1666363961.282245	-334
1666363961.286369	-332
1666363961.290509	-331
1666363961.294906	-329
1666363961.299095	-327
1666363961.303174	-326
1666363961.307221	-324
1666363961.311685	-322
1666363961.315757	-321
1666363961.319923	-319
1666363961.324112	-317
1666363961.328159	-316
1666363961.332227	-314
1666363961.336393	-312
1666363961.340860	-311
1666363961.344909	-309
1666363961.349037	-307
1666363961.353105	-306
1666363961.357227	-304
1666363961.361592	-302
1666363961.365736	-301
1666363961.369941	-299
1666363961.373828	-297
1666363961.378058	-296
1666363961.382181	-294
1666363961.386533	-292
1666363961.390691	-291
1666363961.394858	-289
1666363961.398940	-287
1666363961.403145	-286
1666363961.407176	-284
1666363961.411450	-282
1666363961.415694	-281
1666363961.419885	-279
1666363961.423861	-277
1666363961.427974	-276
1666363961.432285	-274
1666363961.436542	-272
1666363961.440675	-271
1666363961.444796	-269
1666363961.448794	-267
1666363961.453135	-266
1666363961.457333	-264
1666363961.461539	-262
1666363961.465450	-261
1666363961.469733	-259
1666363961.473800	-257
1666363961.477980	-256
1666363961.482306	-254
1666363961.486494	-252
1666363961.490644	-251
1666363961.494637	-249
1666363961.498743	-247
1666363961.503094	-246
1666363961.507174	-244
1666363961.511394	-242
1666363961.515514	-241
1666363961.519658	-239
1666363961.523629	-237
1666363961.527807	-236
1666363961.532054	-234
1666363961.536329	-232
1666363961.540405	-231
1666363961.544544	-229
1666363961.548544	-227
1666363961.552649	-226
1666363961.557039	-224
1666363961.561131	-222
1666363961.565312	-221
1666363961.569466	-219
1666363961.573445	-217
1666363961.577919	-216
1666363961.581751	-214
1666363961.586096	-212
1666363961.590250	-211
1666363961.594148	-209
1666363961.598388	-207
1666363961.602461	-206
1666363961.606825	-204
1666363961.610906	-202
1666363961.615161	-201
1666363961.619296	-199
1666363961.623371	-198
1666363961.627400	-196
1666363961.631525	-194
1666363961.635909	-193
1666363961.640044	-191
1666363961.644164	-189
1666363961.648088	-188
1666363961.652220	-186
1666363961.656560	-184
1666363961.660708	-183
1666363961.664952	-181
1666363961.669123	-179
1666363961.673195	-178
1666363961.677178	-176
1666363961.681336	-174
1666363961.685542	-173
1666363961.689803	-171
1666363961.693946	-169
1666363961.698126	-168
1666363961.702112	-166
1666363961.706319	-164
1666363961.710347	-163
1666363961.714654	-161
1666363961.718841	-159
1666363961.723014	-158
1666363961.726979	-156
1666363961.731148	-154
1666363961.735274	-153
1666363961.739638	-151
1666363961.743826	-149
1666363961.747946	-148
1666363961.752003	-146
1666363961.756106	-144
1666363961.760188	-143
1666363961.764359	-141
1666363961.768780	-139
1666363961.772830	-138
1666363961.776742	-136
1666363961.780918	-134
1666363961.785060	-133
1666363961.789391	-131
1666363961.793567	-129
1666363961.797711	-128
1666363961.801845	-126
1666363961.805848	-124
1666363961.809983	-123
1666363961.814157	-121
1666363961.818460	-119
1666363961.822633	-118
1666363961.826773	-116
1666363961.830757	-114
1666363961.834882	-113
1666363961.839250	-111
1666363961.843459	-109
1666363961.847561	-108
1666363961.851701	-106
1666363961.855690	-104
1666363961.859815	-103
1666363961.863989	-101
1666363961.867989	-99
1666363961.872362	-98
1666363961.876505	-96
1666363961.880440	-95
1666363961.884699	-93
1666363961.888727	-91
1666363961.892928	-90
1666363961.897069	-88
1666363961.901221	-86
1666363961.905168	-85
1666363961.909529	-83
1666363961.913525	-81
1666363961.917760	-80
1666363961.921805	-78
1666363961.926137	-76
1666363961.930063	-75
1666363961.934453	-73
1666363961.938497	-72
1666363961.942434	-70
1666363961.946585	-68
1666363961.950713	-67
1666363961.955009	-65
1666363961.959006	-64
1666363961.963338	-62
1666363961.967417	-60
1666363961.971440	-59
1666363961.975621	-57
1666363961.979733	-56
1666363961.983838	-54
1666363961.988139	-53
1666363961.992093	-51
1666363961.996147	-50
1666363962.000379	-48
1666363962.004542	-47
1666363962.008872	-45
1666363962.012988	-44
1666363962.017136	-42
1666363962.021239	-41
1666363962.025190	-39
1666363962.029363	-38
1666363962.033490	-37
1666363962.037856	-35
1666363962.041944	-34
1666363962.046084	-32
1666363962.050174	-31
1666363962.054169	-30
1666363962.058481	-28
1666363962.062781	-27
1666363962.066832	-26
1666363962.070913	-24
1666363962.075017	-23
1666363962.079112	-22
1666363962.083110	-20
1666363962.087229	-19
1666363962.091341	-18
1666363962.095829	-17
1666363962.099923	-15
1666363962.104037	-14
1666363962.108035	-13
1666363962.112113	-11
1666363962.116407	-10
1666363962.120279	-9
1666363962.124607	-8
1666363962.128725	-6
1666363962.132847	-5
1666363962.136919	-4
1666363962.140921	-3
1666363962.144938	-2
1666363962.149046	0
1666363962.153405	0
1666363962.155583	0
