## Values
## High Speed = 800
## Low Speed = 300
## Acceleration = 3000
## Deceleration = 0
## Position = 0
## Idle Time = 1
## Accel/Decel profile = Sinusoidal
## Dwell time = 0.0
## Length = 500
## Cycles = 3


1666364007.800246	0
1666364007.804404	0
1666364007.806380	0
1666364007.819834	0
1666364007.823843	-2
1666364007.827890	-3
1666364007.832043	-4
1666364007.836176	-5
1666364007.840362	-7
1666364007.844293	-8
1666364007.848554	-9
1666364007.852519	-10
1666364007.856644	-12
1666364007.860739	-13
1666364007.865030	-14
1666364007.869184	-15
1666364007.873344	-17
1666364007.877428	-18
1666364007.881487	-19
1666364007.885623	-20
1666364007.889962	-22
1666364007.894086	-23
1666364007.898239	-24
1666364007.902360	-25
1666364007.906379	-27
1666364007.910507	-28
1666364007.914631	-29
1666364007.918719	-30
1666364007.923056	-32
1666364007.926955	-33
1666364007.931473	-34
1666364007.935453	-35
1666364007.939590	-37
1666364007.943756	-38
1666364007.947686	-39
1666364007.952028	-41
1666364007.956218	-42
1666364007.960224	-43
1666364007.964321	-44
1666364007.968644	-46
1666364007.972586	-47
1666364007.976885	-48
1666364007.981031	-50
1666364007.984988	-51
1666364007.989231	-52
1666364007.993262	-53
1666364007.997465	-55
1666364008.001561	-56
1666364008.005772	-57
1666364008.010042	-59
1666364008.014071	-60
1666364008.018090	-61
1666364008.022278	-63
1666364008.026566	-64
1666364008.030727	-65
1666364008.034873	-67
1666364008.039000	-68
1666364008.043070	-69
1666364008.047039	-71
1666364008.051247	-72
1666364008.055413	-73
1666364008.059678	-75
1666364008.063860	-76
1666364008.067977	-78
1666364008.072027	-79
1666364008.076035	-80
1666364008.080249	-82
1666364008.084570	-83
1666364008.088740	-85
1666364008.092870	-86
1666364008.096981	-87
1666364008.100973	-89
1666364008.105153	-90
1666364008.109399	-92
1666364008.113506	-93
1666364008.117688	-94
1666364008.121807	-96
1666364008.125868	-97
1666364008.129866	-99
1666364008.134089	-100
1666364008.138446	-102
1666364008.142621	-103
1666364008.146786	-105
1666364008.150805	-106
1666364008.155088	-108
1666364008.159157	-109
1666364008.163518	-111
1666364008.167695	-112
1666364008.171753	-114
1666364008.175868	-115
1666364008.179999	-117
1666364008.184125	-118
1666364008.188566	-120
1666364008.192683	-122
1666364008.196676	-123
1666364008.200895	-125
1666364008.205262	-126
1666364008.209433	-128
1666364008.213565	-129
1666364008.217659	-131
1666364008.221762	-133
1666364008.226269	-134
1666364008.230249	-136
1666364008.234471	-137
1666364008.238552	-139
1666364008.242557	-141
1666364008.247045	-142
1666364008.251188	-144
1666364008.255304	-145
1666364008.259420	-147
1666364008.263549	-149
1666364008.267705	-150
1666364008.272013	-152
1666364008.275997	-154
1666364008.280267	-155
1666364008.284374	-157
1666364008.288471	-159
1666364008.292687	-160
1666364008.296884	-162
1666364008.301049	-164
1666364008.305177	-165
1666364008.309392	-167
1666364008.313550	-169
1666364008.317851	-170
1666364008.322116	-172
1666364008.326193	-174
1666364008.330220	-175
1666364008.334488	-177
1666364008.338702	-179
1666364008.342748	-181
1666364008.346939	-182
1666364008.351156	-184
1666364008.355290	-186
1666364008.359598	-187
1666364008.363598	-189
1666364008.367825	-191
1666364008.371992	-193
1666364008.376243	-194
1666364008.380364	-196
1666364008.384450	-198
1666364008.388628	-200
1666364008.392879	-201
1666364008.397038	-203
1666364008.401195	-205
1666364008.405298	-207
1666364008.409664	-208
1666364008.413702	-210
1666364008.417875	-212
1666364008.422064	-213
1666364008.426295	-215
1666364008.430596	-217
1666364008.434710	-219
1666364008.438913	-221
1666364008.443076	-222
1666364008.447126	-224
1666364008.451387	-226
1666364008.455601	-228
1666364008.459737	-229
1666364008.463871	-231
1666364008.467965	-233
1666364008.472185	-235
1666364008.476493	-236
1666364008.480637	-238
1666364008.484803	-240
1666364008.488905	-242
1666364008.493144	-243
1666364008.497344	-245
1666364008.501453	-247
1666364008.505746	-249
1666364008.509780	-250
1666364008.513909	-252
1666364008.518223	-254
1666364008.522423	-256
1666364008.526520	-257
1666364008.530704	-259
1666364008.535065	-261
1666364008.539235	-263
1666364008.543431	-265
1666364008.547617	-266
1666364008.551684	-268
1666364008.555892	-270
1666364008.560244	-272
1666364008.564409	-273
1666364008.568690	-275
1666364008.572615	-277
1666364008.576800	-279
1666364008.581164	-280
1666364008.585385	-282
1666364008.589506	-284
1666364008.593583	-286
1666364008.597954	-287
1666364008.601920	-289
1666364008.606329	-291
1666364008.610356	-293
1666364008.614437	-294
1666364008.618745	-296
1666364008.622868	-298
1666364008.627145	-300
1666364008.631216	-301
1666364008.635490	-303
1666364008.639636	-305
1666364008.643996	-307
1666364008.648063	-308
1666364008.652280	-310
1666364008.656366	-312
1666364008.660712	-314
1666364008.664901	-315
1666364008.669081	-317
1666364008.673242	-319
1666364008.677322	-320
1666364008.681451	-322
1666364008.685636	-324
1666364008.690001	-326
1666364008.694039	-327
1666364008.698417	-329
1666364008.702403	-331
1666364008.706745	-332
1666364008.710876	-334
1666364008.715116	-336
1666364008.719175	-337
1666364008.723324	-339
1666364008.727561	-341
1666364008.731707	-342
1666364008.736047	-344
1666364008.740112	-346
1666364008.744302	-347
1666364008.748473	-349
1666364008.752893	-351
1666364008.757023	-352
1666364008.761194	-354
1666364008.765198	-356
1666364008.769531	-357
1666364008.773751	-359
1666364008.777848	-361
1666364008.782220	-362
1666364008.786188	-364
1666364008.790443	-365
1666364008.794508	-367
1666364008.798805	-369
1666364008.802918	-370
1666364008.807020	-372
1666364008.811231	-373
1666364008.815610	-375
1666364008.819757	-377
1666364008.823752	-378
1666364008.828030	-380
1666364008.832165	-381
1666364008.836517	-383
1666364008.840712	-384
1666364008.844716	-386
1666364008.848885	-387
1666364008.853146	-389
1666364008.857441	-390
1666364008.861472	-392
1666364008.865777	-393
1666364008.869822	-395
1666364008.874042	-396
1666364008.878172	-398
1666364008.882580	-399
1666364008.886601	-401
1666364008.890929	-402
1666364008.895193	-404
1666364008.899288	-405
1666364008.903490	-407
1666364008.907684	-408
1666364008.911777	-410
1666364008.915902	-411
1666364008.920047	-413
1666364008.924209	-414
1666364008.928427	-415
1666364008.932621	-417
1666364008.936759	-418
1666364008.941026	-420
1666364008.945226	-421
1666364008.949503	-422
1666364008.953571	-424
1666364008.957923	-425
1666364008.962113	-427
1666364008.966214	-428
1666364008.970448	-429
1666364008.974420	-431
1666364008.978687	-432
1666364008.982958	-433
1666364008.987192	-435
1666364008.991353	-436
1666364008.995456	-438
1666364008.999541	-439
1666364009.003749	-440
1666364009.007874	-442
1666364009.012194	-443
1666364009.016441	-444
1666364009.020480	-446
1666364009.024658	-447
1666364009.029162	-448
1666364009.033223	-450
1666364009.037325	-451
1666364009.041565	-452
1666364009.045581	-453
1666364009.049939	-455
1666364009.054185	-456
1666364009.058328	-457
1666364009.062377	-459
1666364009.066721	-460
1666364009.070767	-461
1666364009.075085	-463
1666364009.079076	-464
1666364009.083400	-465
1666364009.087551	-466
1666364009.091839	-468
1666364009.095999	-469
1666364009.100152	-470
1666364009.104178	-472
1666364009.108338	-473
1666364009.112704	-474
1666364009.116872	-475
1666364009.121050	-477
1666364009.125113	-478
1666364009.129527	-479
1666364009.133468	-480
1666364009.137687	-482
1666364009.142059	-483
1666364009.146070	-484
1666364009.150279	-486
1666364009.154651	-487
1666364009.158859	-488
1666364009.162997	-489
1666364009.167024	-491
1666364009.171315	-492
1666364009.175371	-493
1666364009.179718	-494
1666364009.183878	-496
1666364009.187885	-497
1666364009.192038	-498
1666364009.196198	-499
1666364009.200699	-500
1666364009.204901	-500
1666364009.206933	-500
1666364009.220368	-499
1666364009.224508	-498
1666364009.228612	-497
1666364009.232827	-496
1666364009.237022	-494
1666364009.241299	-493
1666364009.245471	-492
1666364009.249652	-491
1666364009.253771	-489
1666364009.257877	-488
1666364009.262261	-487
1666364009.266483	-486
1666364009.270456	-484
1666364009.274719	-483
1666364009.279049	-482
1666364009.283204	-481
1666364009.287434	-479
1666364009.291647	-478
1666364009.295641	-477
1666364009.299819	-475
1666364009.304185	-474
1666364009.308424	-473
1666364009.312614	-472
1666364009.316636	-470
1666364009.320727	-469
1666364009.325146	-468
1666364009.329337	-467
1666364009.333491	-465
1666364009.337586	-464
1666364009.341696	-463
1666364009.346096	-461
1666364009.350311	-460
1666364009.354465	-459
1666364009.358461	-457
1666364009.362942	-456
1666364009.367071	-455
1666364009.371269	-454
1666364009.375466	-452
1666364009.379545	-451
1666364009.383641	-450
1666364009.387863	-448
1666364009.392159	-447
1666364009.396377	-446
1666364009.400371	-444
1666364009.404720	-443
1666364009.408961	-442
1666364009.412922	-440
1666364009.417317	-439
1666364009.421354	-438
1666364009.425690	-436
1666364009.429922	-435
1666364009.434135	-434
1666364009.438339	-432
1666364009.442383	-431
1666364009.446476	-430
1666364009.450707	-428
1666364009.454975	-427
1666364009.459122	-425
1666364009.463255	-424
1666364009.467371	-423
1666364009.471546	-421
1666364009.475797	-420
1666364009.480138	-418
1666364009.484098	-417
1666364009.488298	-416
1666364009.492476	-414
1666364009.496754	-413
1666364009.500922	-411
1666364009.505102	-410
1666364009.509206	-408
1666364009.513537	-407
1666364009.517652	-406
1666364009.521838	-404
1666364009.525935	-403
1666364009.530288	-401
1666364009.534508	-400
1666364009.538704	-398
1666364009.542770	-397
1666364009.546958	-395
1666364009.551245	-394
1666364009.555283	-392
1666364009.559510	-391
1666364009.563742	-389
1666364009.567891	-388
1666364009.572070	-386
1666364009.576316	-385
1666364009.580506	-383
1666364009.584871	-381
1666364009.588924	-380
1666364009.593027	-378
1666364009.597267	-377
1666364009.601629	-375
1666364009.605746	-374
1666364009.609738	-372
1666364009.614056	-370
1666364009.618156	-369
1666364009.622434	-367
1666364009.626684	-366
1666364009.630790	-364
1666364009.635109	-362
1666364009.639229	-361
1666364009.643399	-359
1666364009.647455	-358
1666364009.651649	-356
1666364009.655987	-354
1666364009.660131	-353
1666364009.664220	-351
1666364009.668541	-349
1666364009.672620	-348
1666364009.676934	-346
1666364009.681008	-344
1666364009.685268	-343
1666364009.689596	-341
1666364009.693734	-339
1666364009.697776	-338
1666364009.701999	-336
1666364009.706278	-334
1666364009.710439	-333
1666364009.714542	-331
1666364009.718735	-329
1666364009.723064	-328
1666364009.727216	-326
1666364009.731282	-324
1666364009.735420	-322
1666364009.739631	-321
1666364009.743924	-319
1666364009.748104	-317
1666364009.752237	-316
1666364009.756477	-314
1666364009.760745	-312
1666364009.764917	-310
1666364009.768981	-309
1666364009.773273	-307
1666364009.777592	-305
1666364009.781585	-303
1666364009.785935	-302
1666364009.790109	-300
1666364009.794234	-298
1666364009.798319	-296
1666364009.802644	-295
1666364009.806834	-293
1666364009.811021	-291
1666364009.815092	-289
1666364009.819348	-288
1666364009.823501	-286
1666364009.827744	-284
1666364009.831897	-282
1666364009.836198	-281
1666364009.840225	-279
1666364009.844522	-277
1666364009.848691	-275
1666364009.852945	-274
1666364009.857086	-272
1666364009.861267	-270
1666364009.865396	-268
1666364009.869640	-267
1666364009.873886	-265
1666364009.878262	-263
1666364009.882195	-261
1666364009.886443	-260
1666364009.890645	-258
1666364009.894815	-256
1666364009.898923	-254
1666364009.903127	-252
1666364009.907401	-251
1666364009.911527	-249
1666364009.915725	-247
1666364009.919850	-245
1666364009.923958	-244
1666364009.928297	-242
1666364009.932394	-240
1666364009.936617	-238
1666364009.940833	-237
1666364009.944913	-235
1666364009.949121	-233
1666364009.953310	-231
1666364009.957541	-230
1666364009.961645	-228
1666364009.965782	-226
1666364009.969956	-224
1666364009.974093	-223
1666364009.978286	-221
1666364009.982454	-219
1666364009.986720	-217
1666364009.990773	-216
1666364009.995117	-214
1666364009.999148	-212
1666364010.003361	-210
1666364010.007458	-209
1666364010.011745	-207
1666364010.015801	-205
1666364010.020140	-203
1666364010.024266	-202
1666364010.028516	-200
1666364010.032481	-198
1666364010.036733	-196
1666364010.040808	-195
1666364010.045008	-193
1666364010.049116	-191
1666364010.053423	-189
1666364010.057553	-188
1666364010.061719	-186
1666364010.065911	-184
1666364010.070046	-183
1666364010.074280	-181
1666364010.078417	-179
1666364010.082543	-177
1666364010.086930	-176
1666364010.091037	-174
1666364010.095145	-172
1666364010.099343	-171
1666364010.103462	-169
1666364010.107579	-167
1666364010.111881	-166
1666364010.115920	-164
1666364010.120097	-162
1666364010.124295	-161
1666364010.128529	-159
1666364010.132561	-157
1666364010.136845	-156
1666364010.141041	-154
1666364010.145299	-152
1666364010.149335	-151
1666364010.153536	-149
1666364010.157762	-147
1666364010.161886	-146
1666364010.166025	-144
1666364010.170240	-142
1666364010.174316	-141
1666364010.178505	-139
1666364010.182663	-138
1666364010.187103	-136
1666364010.191144	-134
1666364010.195255	-133
1666364010.199351	-131
1666364010.203566	-130
1666364010.207812	-128
1666364010.211870	-126
1666364010.216040	-125
1666364010.220158	-123
1666364010.224447	-122
1666364010.228543	-120
1666364010.232698	-119
1666364010.237160	-117
1666364010.241111	-116
1666364010.245219	-114
1666364010.249425	-112
1666364010.253610	-111
1666364010.257739	-109
1666364010.261957	-108
1666364010.266017	-106
1666364010.270285	-105
1666364010.274539	-103
1666364010.278708	-102
1666364010.282892	-100
1666364010.286959	-99
1666364010.291036	-98
1666364010.295225	-96
1666364010.299549	-95
1666364010.303644	-93
1666364010.307729	-92
1666364010.311831	-90
1666364010.315935	-89
1666364010.319981	-88
1666364010.324078	-86
1666364010.328363	-85
1666364010.332554	-83
1666364010.336698	-82
1666364010.340841	-81
1666364010.344870	-79
1666364010.348949	-78
1666364010.353334	-76
1666364010.357388	-75
1666364010.361537	-74
1666364010.365676	-72
1666364010.369598	-71
1666364010.373809	-70
1666364010.377782	-68
1666364010.381989	-67
1666364010.386325	-65
1666364010.390439	-64
1666364010.394560	-63
1666364010.398637	-61
1666364010.402701	-60
1666364010.406703	-59
1666364010.410901	-58
1666364010.414986	-56
1666364010.419341	-55
1666364010.423496	-54
1666364010.427627	-52
1666364010.431612	-51
1666364010.435678	-50
1666364010.440159	-48
1666364010.444245	-47
1666364010.448350	-46
1666364010.452214	-44
1666364010.456628	-43
1666364010.460619	-42
1666364010.465096	-41
1666364010.468849	-39
1666364010.473283	-38
1666364010.477324	-37
1666364010.481506	-35
1666364010.485566	-34
1666364010.489561	-33
1666364010.493679	-32
1666364010.498050	-30
1666364010.502215	-29
1666364010.506041	-28
1666364010.510487	-27
1666364010.514519	-25
1666364010.518533	-24
1666364010.522944	-23
1666364010.527149	-22
1666364010.530973	-20
1666364010.535215	-19
1666364010.539337	-18
1666364010.543377	-17
1666364010.547469	-15
1666364010.551596	-14
1666364010.556036	-13
1666364010.560046	-12
1666364010.564416	-10
1666364010.568474	-9
1666364010.572205	-8
1666364010.576443	-7
1666364010.580546	-5
1666364010.584625	-4
1666364010.588824	-3
1666364010.592793	-2
1666364010.596876	-1
1666364010.600981	0
1666364010.603050	0
1666364010.604981	0
1666364010.609119	0
1666364010.611135	0
1666364010.624525	-1
1666364010.628659	-2
1666364010.632757	-3
1666364010.636883	-4
1666364010.640972	-5
1666364010.645032	-7
1666364010.649037	-8
1666364010.653088	-9
1666364010.657417	-10
1666364010.661661	-12
1666364010.665507	-13
1666364010.669874	-14
1666364010.673952	-15
1666364010.678012	-17
1666364010.682127	-18
1666364010.686486	-19
1666364010.690521	-20
1666364010.694778	-22
1666364010.698885	-23
1666364010.702966	-24
1666364010.706963	-25
1666364010.711241	-27
1666364010.715213	-28
1666364010.719383	-29
1666364010.723493	-30
1666364010.727684	-32
1666364010.731790	-33
1666364010.735885	-34
1666364010.740031	-36
1666364010.744198	-37
1666364010.748471	-38
1666364010.752587	-39
1666364010.756576	-41
1666364010.760782	-42
1666364010.765075	-43
1666364010.769218	-44
1666364010.773389	-46
1666364010.777359	-47
1666364010.781615	-48
1666364010.785681	-50
1666364010.789815	-51
1666364010.793870	-52
1666364010.798199	-54
1666364010.802374	-55
1666364010.806511	-56
1666364010.810441	-58
1666364010.814619	-59
1666364010.819051	-60
1666364010.822855	-61
1666364010.827149	-63
1666364010.831333	-64
1666364010.835522	-65
1666364010.839575	-67
1666364010.843644	-68
1666364010.847710	-70
1666364010.851914	-71
1666364010.856199	-72
1666364010.860329	-74
1666364010.864478	-75
1666364010.868376	-76
1666364010.872541	-78
1666364010.876964	-79
1666364010.880831	-80
1666364010.885050	-82
1666364010.889210	-83
1666364010.893367	-85
1666364010.897394	-86
1666364010.901565	-87
1666364010.905710	-89
1666364010.909975	-90
1666364010.913946	-92
1666364010.918234	-93
1666364010.922288	-95
1666364010.926322	-96
1666364010.930467	-98
1666364010.934736	-99
1666364010.938911	-100
1666364010.943086	-102
1666364010.947144	-103
1666364010.951335	-105
1666364010.955544	-106
1666364010.959683	-108
1666364010.963978	-109
1666364010.968029	-111
1666364010.972176	-112
1666364010.976508	-114
1666364010.980626	-115
1666364010.984865	-117
1666364010.989061	-119
1666364010.993112	-120
1666364010.997356	-122
1666364011.001558	-123
1666364011.005643	-125
1666364011.009946	-126
1666364011.013931	-128
1666364011.018229	-130
1666364011.022318	-131
1666364011.026642	-133
1666364011.030805	-134
1666364011.034970	-136
1666364011.038999	-137
1666364011.043178	-139
1666364011.047502	-141
1666364011.051668	-142
1666364011.055810	-144
1666364011.059780	-146
1666364011.064056	-147
1666364011.068192	-149
1666364011.072426	-151
1666364011.076694	-152
1666364011.080871	-154
1666364011.084903	-155
1666364011.089109	-157
1666364011.093431	-159
1666364011.097633	-160
1666364011.101731	-162
1666364011.105701	-164
1666364011.109938	-165
1666364011.114120	-167
1666364011.118425	-169
1666364011.122538	-171
1666364011.126783	-172
1666364011.130819	-174
1666364011.135187	-176
1666364011.139389	-177
1666364011.143525	-179
1666364011.147681	-181
1666364011.151746	-182
1666364011.156020	-184
1666364011.160112	-186
1666364011.164413	-188
1666364011.168509	-189
1666364011.172595	-191
1666364011.176757	-193
1666364011.180978	-195
1666364011.185248	-196
1666364011.189435	-198
1666364011.193610	-200
1666364011.197561	-201
1666364011.201801	-203
1666364011.205964	-205
1666364011.210289	-207
1666364011.214283	-208
1666364011.218515	-210
1666364011.222712	-212
1666364011.226806	-214
1666364011.231049	-215
1666364011.235265	-217
1666364011.239456	-219
1666364011.243547	-221
1666364011.247894	-222
1666364011.252064	-224
1666364011.256251	-226
1666364011.260350	-228
1666364011.264376	-229
1666364011.268817	-231
1666364011.272952	-233
1666364011.277112	-235
1666364011.281279	-236
1666364011.285349	-238
1666364011.289456	-240
1666364011.293819	-242
1666364011.298037	-244
1666364011.302176	-245
1666364011.306184	-247
1666364011.310324	-249
1666364011.314694	-251
1666364011.318931	-252
1666364011.323110	-254
1666364011.327026	-256
1666364011.331362	-258
1666364011.335741	-259
1666364011.339926	-261
1666364011.343997	-263
1666364011.348264	-265
1666364011.352336	-266
1666364011.356442	-268
1666364011.360666	-270
1666364011.365053	-272
1666364011.369159	-274
1666364011.373160	-275
1666364011.377383	-277
1666364011.381569	-279
1666364011.385965	-281
1666364011.390086	-282
1666364011.394217	-284
1666364011.398593	-286
1666364011.402659	-288
1666364011.406952	-289
1666364011.411067	-291
1666364011.415084	-293
1666364011.419282	-295
1666364011.423697	-296
1666364011.427886	-298
1666364011.432022	-300
1666364011.436007	-302
1666364011.440196	-303
1666364011.444759	-305
1666364011.448827	-307
1666364011.452960	-309
1666364011.457030	-310
1666364011.461153	-312
1666364011.465584	-314
1666364011.469465	-315
1666364011.473869	-317
1666364011.477855	-319
1666364011.482051	-321
1666364011.486447	-322
1666364011.490655	-324
1666364011.494830	-326
1666364011.498791	-327
1666364011.503227	-329
1666364011.507191	-331
1666364011.511318	-333
1666364011.515673	-334
1666364011.519696	-336
1666364011.523929	-338
1666364011.528068	-339
1666364011.532496	-341
1666364011.536694	-343
1666364011.540734	-344
1666364011.544886	-346
1666364011.549253	-348
1666364011.553451	-349
1666364011.557609	-351
1666364011.561540	-353
1666364011.565972	-354
1666364011.569988	-356
1666364011.574166	-357
1666364011.578298	-359
1666364011.582545	-361
1666364011.586830	-362
1666364011.591164	-364
1666364011.595281	-366
1666364011.599444	-367
1666364011.603520	-369
1666364011.607708	-370
1666364011.611824	-372
1666364011.616106	-374
1666364011.620340	-375
1666364011.624426	-377
1666364011.628565	-378
1666364011.632888	-380
1666364011.637064	-381
1666364011.641160	-383
1666364011.645211	-384
1666364011.649570	-386
1666364011.653870	-388
1666364011.658043	-389
1666364011.662041	-391
1666364011.666263	-392
1666364011.670530	-394
1666364011.674755	-395
1666364011.678939	-397
1666364011.683164	-398
1666364011.687279	-400
1666364011.691268	-401
1666364011.695531	-403
1666364011.699711	-404
1666364011.704120	-405
1666364011.708222	-407
1666364011.712276	-408
1666364011.716453	-410
1666364011.720637	-411
1666364011.724821	-413
1666364011.729055	-414
1666364011.733234	-416
1666364011.737603	-417
1666364011.741755	-418
1666364011.745937	-420
1666364011.749993	-421
1666364011.754223	-423
1666364011.758405	-424
1666364011.762681	-425
1666364011.766838	-427
1666364011.771015	-428
1666364011.775052	-429
1666364011.779232	-431
1666364011.783614	-432
1666364011.787573	-434
1666364011.791913	-435
1666364011.795947	-436
1666364011.800092	-438
1666364011.804285	-439
1666364011.808666	-440
1666364011.812833	-442
1666364011.816914	-443
1666364011.821378	-444
1666364011.825191	-446
1666364011.829655	-447
1666364011.833802	-448
1666364011.837775	-450
1666364011.842002	-451
1666364011.846237	-452
1666364011.850494	-454
1666364011.854814	-455
1666364011.858902	-456
1666364011.862951	-458
1666364011.867157	-459
1666364011.871280	-460
1666364011.875486	-461
1666364011.879748	-463
1666364011.883876	-464
1666364011.888097	-465
1666364011.892349	-467
1666364011.896613	-468
1666364011.900660	-469
1666364011.904901	-470
1666364011.909093	-472
1666364011.913199	-473
1666364011.917387	-474
1666364011.921660	-476
1666364011.925712	-477
1666364011.930062	-478
1666364011.934229	-479
1666364011.938405	-481
1666364011.942593	-482
1666364011.946616	-483
1666364011.950839	-484
1666364011.955173	-486
1666364011.959402	-487
1666364011.963457	-488
1666364011.967535	-489
1666364011.971738	-491
1666364011.975875	-492
1666364011.980112	-493
1666364011.984277	-494
1666364011.988460	-496
1666364011.992892	-497
1666364011.996789	-498
1666364012.001136	-499
1666364012.005433	-500
1666364012.007438	-500
1666364012.021130	-499
1666364012.025171	-498
1666364012.029223	-497
1666364012.033432	-496
1666364012.037565	-494
1666364012.041862	-493
1666364012.045896	-492
1666364012.050223	-491
1666364012.054266	-489
1666364012.058502	-488
1666364012.062783	-487
1666364012.066992	-486
1666364012.071180	-484
1666364012.075226	-483
1666364012.079621	-482
1666364012.083759	-481
1666364012.087799	-479
1666364012.092149	-478
1666364012.096184	-477
1666364012.100339	-475
1666364012.104564	-474
1666364012.108676	-473
1666364012.113030	-472
1666364012.117139	-470
1666364012.121283	-469
1666364012.125460	-468
1666364012.129853	-467
1666364012.133979	-465
1666364012.138087	-464
1666364012.142280	-463
1666364012.146655	-461
1666364012.150758	-460
1666364012.154971	-459
1666364012.159002	-457
1666364012.163258	-456
1666364012.167422	-455
1666364012.171749	-454
1666364012.175917	-452
1666364012.179955	-451
1666364012.184137	-450
1666364012.188557	-448
1666364012.192703	-447
1666364012.196916	-446
1666364012.200972	-444
1666364012.205182	-443
1666364012.209662	-442
1666364012.213786	-440
1666364012.217825	-439
1666364012.221863	-438
1666364012.226190	-436
1666364012.230397	-435
1666364012.234663	-434
1666364012.238792	-432
1666364012.242827	-431
1666364012.247115	-430
1666364012.251491	-428
1666364012.255366	-427
1666364012.259683	-425
1666364012.263785	-424
1666364012.268020	-423
1666364012.272218	-421
1666364012.276512	-420
1666364012.280672	-418
1666364012.284755	-417
1666364012.288848	-416
1666364012.293072	-414
1666364012.297412	-413
1666364012.301657	-411
1666364012.305679	-410
1666364012.309765	-408
1666364012.314213	-407
1666364012.318163	-406
1666364012.322507	-404
1666364012.326572	-403
1666364012.330703	-401
1666364012.335178	-400
1666364012.339243	-398
1666364012.343468	-397
1666364012.347521	-395
1666364012.351997	-394
1666364012.356039	-392
1666364012.360290	-391
1666364012.364503	-389
1666364012.368488	-388
1666364012.372631	-386
1666364012.377057	-385
1666364012.381224	-383
1666364012.385389	-381
1666364012.389460	-380
1666364012.393604	-378
1666364012.397960	-377
1666364012.402173	-375
1666364012.406349	-374
1666364012.410461	-372
1666364012.414572	-370
1666364012.418878	-369
1666364012.423128	-367
1666364012.427349	-366
1666364012.431389	-364
1666364012.435513	-362
1666364012.439892	-361
1666364012.444074	-359
1666364012.448295	-358
1666364012.452233	-356
1666364012.456795	-354
1666364012.460651	-353
1666364012.465018	-351
1666364012.469252	-349
1666364012.473306	-348
1666364012.477406	-346
1666364012.481775	-344
1666364012.485935	-343
1666364012.490083	-341
1666364012.494152	-339
1666364012.498327	-338
1666364012.502781	-336
1666364012.506810	-334
1666364012.511038	-333
1666364012.515105	-331
1666364012.519275	-329
1666364012.523596	-328
1666364012.527756	-326
1666364012.531959	-324
1666364012.535967	-322
1666364012.540186	-321
1666364012.544341	-319
1666364012.548700	-317
1666364012.552866	-316
1666364012.556963	-314
1666364012.561223	-312
1666364012.565524	-310
1666364012.569692	-309
1666364012.573836	-307
1666364012.577955	-305
1666364012.582153	-303
1666364012.586470	-302
1666364012.590625	-300
1666364012.594725	-298
1666364012.598874	-297
1666364012.603295	-295
1666364012.607185	-293
1666364012.611446	-291
1666364012.615799	-290
1666364012.619844	-288
1666364012.623964	-286
1666364012.628165	-284
1666364012.632387	-282
1666364012.636634	-281
1666364012.640776	-279
1666364012.644913	-277
1666364012.649220	-275
1666364012.653407	-274
1666364012.657561	-272
1666364012.661681	-270
1666364012.665881	-268
1666364012.670219	-267
1666364012.674409	-265
1666364012.678449	-263
1666364012.682689	-261
1666364012.686949	-260
1666364012.691204	-258
1666364012.695393	-256
1666364012.699574	-254
1666364012.703626	-252
1666364012.707934	-251
1666364012.712044	-249
1666364012.716298	-247
1666364012.720480	-245
1666364012.724468	-244
1666364012.728652	-242
1666364012.733019	-240
1666364012.737173	-238
1666364012.741369	-237
1666364012.745430	-235
1666364012.749604	-233
1666364012.753775	-231
1666364012.758167	-230
1666364012.762307	-228
1666364012.766441	-226
1666364012.770492	-224
1666364012.774776	-223
1666364012.779022	-221
1666364012.783147	-219
1666364012.787334	-217
1666364012.791387	-216
1666364012.795547	-214
1666364012.799970	-212
1666364012.804039	-210
1666364012.808161	-209
1666364012.812332	-207
1666364012.816318	-205
1666364012.820478	-203
1666364012.824837	-202
1666364012.829048	-200
1666364012.833255	-198
1666364012.837142	-196
1666364012.841447	-195
1666364012.845618	-193
1666364012.849815	-191
1666364012.854036	-189
1666364012.858027	-188
1666364012.862215	-186
1666364012.866567	-184
1666364012.870671	-183
1666364012.874948	-181
1666364012.878881	-179
1666364012.883074	-177
1666364012.887454	-176
1666364012.891625	-174
1666364012.895555	-172
1666364012.899889	-171
1666364012.904022	-169
1666364012.908153	-167
1666364012.912245	-166
1666364012.916658	-164
1666364012.920618	-162
1666364012.924978	-161
1666364012.928970	-159
1666364012.933144	-157
1666364012.937670	-156
1666364012.941684	-154
1666364012.945824	-152
1666364012.949816	-151
1666364012.953996	-149
1666364012.958426	-147
1666364012.962563	-146
1666364012.966688	-144
1666364012.970861	-142
1666364012.974888	-141
1666364012.979003	-139
1666364012.983406	-138
1666364012.987546	-136
1666364012.991682	-134
1666364012.995870	-133
1666364012.999854	-131
1666364013.004002	-130
1666364013.008231	-128
1666364013.012635	-126
1666364013.016698	-125
1666364013.020770	-123
1666364013.024902	-122
1666364013.029078	-120
1666364013.033120	-119
1666364013.037461	-117
1666364013.041691	-116
1666364013.045710	-114
1666364013.049877	-112
1666364013.054318	-111
1666364013.058440	-109
1666364013.062620	-108
1666364013.066642	-106
1666364013.070758	-105
1666364013.075152	-103
1666364013.079330	-102
1666364013.083441	-100
1666364013.087564	-99
1666364013.091578	-98
1666364013.096057	-96
1666364013.099824	-95
1666364013.103899	-93
1666364013.108373	-92
1666364013.112463	-90
1666364013.116556	-89
1666364013.120561	-88
1666364013.124998	-86
1666364013.128818	-85
1666364013.132883	-83
1666364013.137233	-82
1666364013.141547	-81
1666364013.145386	-79
1666364013.149552	-78
1666364013.153622	-76
1666364013.157765	-75
1666364013.161906	-74
1666364013.166258	-72
1666364013.170203	-71
1666364013.174262	-70
1666364013.178343	-68
1666364013.182530	-67
1666364013.186815	-65
1666364013.190948	-64
1666364013.195086	-63
1666364013.199000	-61
1666364013.203230	-60
1666364013.207315	-59
1666364013.211699	-58
1666364013.215783	-56
1666364013.219929	-55
1666364013.224100	-54
1666364013.228142	-52
1666364013.232198	-51
1666364013.236413	-50
1666364013.240466	-48
1666364013.244539	-47
1666364013.248914	-46
1666364013.253047	-44
1666364013.257128	-43
1666364013.261117	-42
1666364013.265368	-41
1666364013.269589	-39
1666364013.273787	-38
1666364013.277910	-37
1666364013.281988	-35
1666364013.286222	-34
1666364013.290130	-33
1666364013.294248	-32
1666364013.298488	-30
1666364013.302644	-29
1666364013.306752	-28
1666364013.310862	-27
1666364013.314904	-25
1666364013.319017	-24
1666364013.323302	-23
1666364013.327484	-22
1666364013.331649	-20
1666364013.335763	-19
1666364013.339804	-18
1666364013.343908	-17
1666364013.348102	-15
1666364013.352119	-14
1666364013.356299	-13
1666364013.360699	-12
1666364013.364784	-10
1666364013.368847	-9
1666364013.372853	-8
1666364013.376857	-7
1666364013.381079	-5
1666364013.384989	-4
1666364013.389144	-3
1666364013.393394	-2
1666364013.397499	-1
1666364013.401684	0
1666364013.403665	0
1666364013.405655	0
1666364013.409725	0
1666364013.411711	0
1666364013.425208	-1
1666364013.429413	-2
1666364013.433323	-3
1666364013.437428	-4
1666364013.441520	-5
1666364013.445624	-7
1666364013.449641	-8
1666364013.453678	-9
1666364013.457956	-10
1666364013.462107	-12
1666364013.466156	-13
1666364013.470322	-14
1666364013.474555	-15
1666364013.478572	-17
1666364013.482681	-18
1666364013.487034	-19
1666364013.491306	-20
1666364013.495305	-22
1666364013.499446	-23
1666364013.503574	-24
1666364013.507520	-25
1666364013.511612	-27
1666364013.515720	-28
1666364013.519890	-29
1666364013.524002	-30
1666364013.528144	-32
1666364013.532265	-33
1666364013.536417	-34
1666364013.540585	-36
1666364013.544710	-37
1666364013.549035	-38
1666364013.553153	-39
1666364013.557236	-41
1666364013.561439	-42
1666364013.565502	-43
1666364013.569627	-44
1666364013.573884	-46
1666364013.577981	-47
1666364013.582137	-48
1666364013.586177	-50
1666364013.590288	-51
1666364013.594601	-52
1666364013.598557	-54
1666364013.602878	-55
1666364013.607024	-56
1666364013.611152	-58
1666364013.615153	-59
1666364013.619335	-60
1666364013.623781	-61
1666364013.627576	-63
1666364013.631901	-64
1666364013.635807	-65
1666364013.640023	-67
1666364013.644102	-68
1666364013.648231	-70
1666364013.652584	-71
1666364013.656599	-72
1666364013.660729	-74
1666364013.664696	-75
1666364013.668927	-76
1666364013.673028	-78
1666364013.677231	-79
1666364013.681470	-80
1666364013.685436	-82
1666364013.689655	-83
1666364013.693839	-85
1666364013.697889	-86
1666364013.701987	-87
1666364013.706272	-89
1666364013.710320	-90
1666364013.714611	-92
1666364013.718787	-93
1666364013.722814	-95
1666364013.726848	-96
1666364013.731018	-98
1666364013.735323	-99
1666364013.739496	-100
1666364013.743628	-102
1666364013.747738	-103
1666364013.751864	-105
1666364013.755947	-106
1666364013.760344	-108
1666364013.764569	-109
1666364013.768689	-111
1666364013.772728	-112
1666364013.777029	-114
1666364013.781272	-115
1666364013.785413	-117
1666364013.789620	-119
1666364013.793648	-120
1666364013.797793	-122
1666364013.802044	-123
1666364013.806290	-125
1666364013.810480	-126
1666364013.814578	-128
1666364013.818645	-130
1666364013.822793	-131
1666364013.827106	-133
1666364013.831299	-134
1666364013.835467	-136
1666364013.839490	-137
1666364013.843664	-139
1666364013.848001	-141
1666364013.851976	-142
1666364013.856391	-144
1666364013.860559	-146
1666364013.864644	-147
1666364013.868881	-149
1666364013.873019	-151
1666364013.877207	-152
1666364013.881299	-154
1666364013.885542	-155
1666364013.889594	-157
1666364013.893918	-159
1666364013.898151	-160
1666364013.902241	-162
1666364013.906384	-164
1666364013.910479	-165
1666364013.914675	-167
1666364013.919025	-169
1666364013.923206	-171
1666364013.927304	-172
1666364013.931376	-174
1666364013.935508	-176
1666364013.939852	-177
1666364013.944030	-179
1666364013.948035	-181
1666364013.952254	-182
1666364013.956417	-184
1666364013.960711	-186
1666364013.964945	-188
1666364013.969123	-189
1666364013.973163	-191
1666364013.977310	-193
1666364013.981425	-195
1666364013.985816	-196
1666364013.990030	-198
1666364013.994137	-200
1666364013.998203	-201
1666364014.002488	-203
1666364014.006626	-205
1666364014.010674	-207
1666364014.014854	-208
1666364014.019034	-210
1666364014.023164	-212
1666364014.027577	-214
1666364014.031539	-215
1666364014.035819	-217
1666364014.039938	-219
1666364014.044085	-221
1666364014.048236	-222
1666364014.052496	-224
1666364014.056735	-226
1666364014.060852	-228
1666364014.065115	-229
1666364014.069150	-231
1666364014.073314	-233
1666364014.077475	-235
1666364014.081656	-236
1666364014.085893	-238
1666364014.090114	-240
1666364014.094292	-242
1666364014.098406	-244
1666364014.102542	-245
1666364014.106764	-247
1666364014.110933	-249
1666364014.115139	-251
1666364014.119357	-252
1666364014.123555	-254
1666364014.127704	-256
1666364014.131798	-258
1666364014.136167	-259
1666364014.140315	-261
1666364014.144503	-263
1666364014.148582	-265
1666364014.152951	-266
1666364014.157101	-268
1666364014.161233	-270
1666364014.165373	-272
1666364014.169579	-274
1666364014.173669	-275
1666364014.178021	-277
1666364014.182074	-279
1666364014.186365	-281
1666364014.190515	-282
1666364014.194719	-284
1666364014.198831	-286
1666364014.203146	-288
1666364014.207328	-289
1666364014.211469	-291
1666364014.215578	-293
1666364014.219949	-295
1666364014.224135	-296
1666364014.228305	-298
1666364014.232384	-300
1666364014.236548	-302
1666364014.240728	-303
1666364014.245053	-305
1666364014.249015	-307
1666364014.253406	-309
1666364014.257457	-310
1666364014.261590	-312
1666364014.266007	-314
1666364014.270184	-315
1666364014.274337	-317
1666364014.278437	-319
1666364014.282808	-321
1666364014.286962	-322
1666364014.290965	-324
1666364014.295321	-326
1666364014.299288	-327
1666364014.303478	-329
1666364014.307837	-331
1666364014.312061	-333
1666364014.316226	-334
1666364014.320267	-336
1666364014.324450	-338
1666364014.328595	-339
1666364014.332808	-341
1666364014.336977	-343
1666364014.341283	-344
1666364014.345473	-346
1666364014.349700	-348
1666364014.353815	-349
1666364014.357952	-351
1666364014.362131	-353
1666364014.366299	-354
1666364014.370503	-356
1666364014.374694	-357
1666364014.378869	-359
1666364014.383089	-361
1666364014.387363	-362
1666364014.391565	-364
1666364014.395693	-366
1666364014.399909	-367
1666364014.403989	-369
1666364014.408251	-370
1666364014.412526	-372
1666364014.416657	-374
1666364014.420791	-375
1666364014.424887	-377
1666364014.429256	-378
1666364014.433375	-380
1666364014.437547	-381
1666364014.441811	-383
1666364014.445895	-384
1666364014.449953	-386
1666364014.454240	-388
1666364014.458542	-389
1666364014.462712	-391
1666364014.466792	-392
1666364014.470947	-394
1666364014.475318	-395
1666364014.479334	-397
1666364014.483640	-398
1666364014.487772	-400
1666364014.491887	-401
1666364014.496036	-403
1666364014.500444	-404
1666364014.504581	-405
1666364014.508708	-407
1666364014.512798	-408
1666364014.517306	-410
1666364014.521407	-411
1666364014.525600	-413
1666364014.529526	-414
1666364014.533765	-416
1666364014.538118	-417
1666364014.542306	-418
1666364014.546237	-420
1666364014.550586	-421
1666364014.554651	-423
1666364014.558827	-424
1666364014.562975	-425
1666364014.567401	-427
1666364014.571418	-428
1666364014.575572	-430
1666364014.579725	-431
1666364014.584124	-432
1666364014.588277	-434
1666364014.592478	-435
1666364014.596419	-436
1666364014.600636	-438
1666364014.605000	-439
1666364014.609212	-440
1666364014.613147	-442
1666364014.617449	-443
1666364014.621580	-444
1666364014.625927	-446
1666364014.629968	-447
1666364014.634374	-448
1666364014.638322	-450
1666364014.642518	-451
1666364014.646701	-452
1666364014.651058	-454
1666364014.655212	-455
1666364014.659304	-456
1666364014.663475	-458
1666364014.667862	-459
1666364014.672013	-460
1666364014.676188	-461
1666364014.680273	-463
1666364014.684537	-464
1666364014.688822	-465
1666364014.692997	-467
1666364014.696964	-468
1666364014.701191	-469
1666364014.705328	-470
1666364014.709621	-472
1666364014.713654	-473
1666364014.717964	-474
1666364014.722007	-476
1666364014.726272	-477
1666364014.730421	-478
1666364014.734825	-479
1666364014.738966	-481
1666364014.743110	-482
1666364014.747166	-483
1666364014.751528	-484
1666364014.755751	-486
1666364014.759895	-487
1666364014.763911	-488
1666364014.768075	-489
1666364014.772279	-491
1666364014.776620	-492
1666364014.780653	-493
1666364014.784986	-494
1666364014.788964	-496
1666364014.793281	-497
1666364014.797307	-498
1666364014.801650	-499
1666364014.805928	-500
1666364014.807925	-500
1666364014.821708	-499
1666364014.825567	-498
1666364014.829679	-497
1666364014.833955	-496
1666364014.838233	-494
1666364014.842432	-493
1666364014.846440	-492
1666364014.850803	-491
1666364014.854842	-489
1666364014.859143	-488
1666364014.863164	-487
1666364014.867617	-486
1666364014.871715	-484
1666364014.875728	-483
1666364014.879895	-482
1666364014.884356	-481
1666364014.888493	-479
1666364014.892674	-478
1666364014.896704	-477
1666364014.900956	-475
1666364014.905334	-474
1666364014.909521	-473
1666364014.913583	-472
1666364014.917669	-470
1666364014.921840	-469
1666364014.926206	-468
1666364014.930407	-467
1666364014.934638	-465
1666364014.938618	-464
1666364014.942756	-463
1666364014.947270	-461
1666364014.951384	-460
1666364014.955541	-459
1666364014.959596	-457
1666364014.963748	-456
1666364014.968160	-455
1666364014.972353	-454
1666364014.976536	-452
1666364014.980449	-451
1666364014.984744	-450
1666364014.989134	-448
1666364014.993379	-447
1666364014.997472	-446
1666364015.001443	-444
1666364015.005926	-443
1666364015.010101	-442
1666364015.014284	-440
1666364015.018322	-439
1666364015.022448	-438
1666364015.026576	-436
1666364015.031173	-435
1666364015.035172	-434
1666364015.039512	-432
1666364015.043338	-431
1666364015.047537	-430
1666364015.052053	-428
1666364015.056110	-427
1666364015.060273	-425
1666364015.064332	-424
1666364015.068760	-423
1666364015.072973	-421
1666364015.077006	-420
1666364015.081204	-418
1666364015.085256	-417
1666364015.089652	-416
1666364015.093724	-414
1666364015.097946	-413
1666364015.102123	-411
1666364015.106213	-410
1666364015.110333	-408
1666364015.114494	-407
1666364015.118910	-406
1666364015.123053	-404
1666364015.127137	-403
1666364015.131260	-401
1666364015.135431	-400
1666364015.139855	-398
1666364015.143837	-397
1666364015.148096	-395
1666364015.152247	-394
1666364015.156684	-392
1666364015.160811	-391
1666364015.164989	-389
1666364015.169033	-388
1666364015.173506	-386
1666364015.177725	-385
1666364015.181795	-383
1666364015.185936	-381
1666364015.189973	-380
1666364015.194128	-378
1666364015.198608	-377
1666364015.202826	-375
1666364015.206899	-374
1666364015.210905	-372
1666364015.215215	-370
1666364015.219481	-369
1666364015.223674	-367
1666364015.227652	-366
1666364015.231880	-364
1666364015.236011	-362
1666364015.240273	-361
1666364015.244552	-359
1666364015.248727	-358
1666364015.252812	-356
1666364015.257249	-354
1666364015.261358	-353
1666364015.265562	-351
1666364015.269707	-349
1666364015.273743	-348
1666364015.278045	-346
1666364015.282183	-344
1666364015.286497	-343
1666364015.290441	-341
1666364015.294735	-339
1666364015.299186	-338
1666364015.303240	-336
1666364015.307437	-334
1666364015.311630	-333
1666364015.315624	-331
1666364015.320102	-329
1666364015.324168	-328
1666364015.328431	-326
1666364015.332597	-324
1666364015.336613	-322
1666364015.340713	-321
1666364015.345071	-319
1666364015.349375	-317
1666364015.353530	-316
1666364015.357517	-314
1666364015.361706	-312
1666364015.366165	-310
1666364015.370422	-309
1666364015.374487	-307
1666364015.378419	-305
1666364015.382664	-303
1666364015.387058	-302
1666364015.391189	-300
1666364015.395415	-298
1666364015.399513	-296
1666364015.403614	-295
1666364015.408071	-293
1666364015.412193	-291
1666364015.416375	-289
1666364015.420292	-288
1666364015.424736	-286
1666364015.428912	-284
1666364015.433148	-282
1666364015.437285	-281
1666364015.441314	-279
1666364015.445459	-277
1666364015.449901	-275
1666364015.454067	-274
1666364015.458259	-272
1666364015.462264	-270
1666364015.466452	-268
1666364015.470984	-267
1666364015.475062	-265
1666364015.479191	-263
1666364015.483186	-261
1666364015.487462	-260
1666364015.491856	-258
1666364015.496031	-256
1666364015.500110	-254
1666364015.504145	-252
1666364015.508369	-251
1666364015.512799	-249
1666364015.516937	-247
1666364015.520989	-245
1666364015.525052	-244
1666364015.529233	-242
1666364015.533411	-240
1666364015.537553	-238
1666364015.541989	-237
1666364015.546025	-235
1666364015.550153	-233
1666364015.554366	-231
1666364015.558537	-230
1666364015.562992	-228
1666364015.566929	-226
1666364015.571190	-224
1666364015.575093	-223
1666364015.579451	-221
1666364015.583412	-219
1666364015.587809	-217
1666364015.591834	-216
1666364015.596025	-214
1666364015.600345	-212
1666364015.604512	-210
1666364015.608522	-209
1666364015.612777	-207
1666364015.616921	-205
1666364015.621204	-203
1666364015.625391	-202
1666364015.629583	-200
1666364015.633688	-198
1666364015.637697	-196
1666364015.641890	-195
1666364015.646251	-193
1666364015.650419	-191
1666364015.654580	-189
1666364015.658681	-188
1666364015.662653	-186
1666364015.667175	-184
1666364015.671252	-183
1666364015.675497	-181
1666364015.679636	-179
1666364015.683641	-177
1666364015.687909	-176
1666364015.692062	-174
1666364015.696309	-172
1666364015.700478	-171
1666364015.704583	-169
1666364015.708594	-167
1666364015.713071	-166
1666364015.717151	-164
1666364015.721381	-162
1666364015.725553	-161
1666364015.729447	-159
1666364015.733647	-157
1666364015.738085	-156
1666364015.742218	-154
1666364015.746343	-152
1666364015.750442	-151
1666364015.754478	-149
1666364015.758852	-147
1666364015.763062	-146
1666364015.767297	-144
1666364015.771426	-142
1666364015.775409	-141
1666364015.779635	-139
1666364015.783719	-138
1666364015.788064	-136
1666364015.792247	-134
1666364015.796394	-133
1666364015.800306	-131
1666364015.804823	-130
1666364015.808893	-128
1666364015.813098	-126
1666364015.817224	-125
1666364015.821262	-123
1666364015.825800	-122
1666364015.829822	-120
1666364015.833990	-119
1666364015.838126	-117
1666364015.842269	-116
1666364015.846249	-114
1666364015.850494	-112
1666364015.854838	-111
1666364015.858976	-109
1666364015.863189	-108
1666364015.867198	-106
1666364015.871322	-105
1666364015.875709	-103
1666364015.879887	-102
1666364015.883733	-100
1666364015.887956	-99
1666364015.892069	-98
1666364015.896244	-96
1666364015.900330	-95
1666364015.904756	-93
1666364015.908875	-92
1666364015.913000	-90
1666364015.917012	-89
1666364015.921000	-88
1666364015.925485	-86
1666364015.929321	-85
1666364015.933653	-83
1666364015.937777	-82
1666364015.941911	-81
1666364015.945937	-79
1666364015.949970	-78
1666364015.954108	-76
1666364015.958460	-75
1666364015.962591	-74
1666364015.966702	-72
1666364015.970810	-71
1666364015.974878	-70
1666364015.978849	-68
1666364015.983018	-67
1666364015.987569	-65
1666364015.991561	-64
1666364015.995664	-63
1666364015.999712	-61
1666364016.003783	-60
1666364016.007879	-59
1666364016.011953	-58
1666364016.016124	-56
1666364016.020488	-55
1666364016.024564	-54
1666364016.028677	-52
1666364016.032699	-51
1666364016.036762	-50
1666364016.040999	-48
1666364016.045362	-47
1666364016.049451	-46
1666364016.053275	-44
1666364016.057494	-43
1666364016.061656	-42
1666364016.065780	-41
1666364016.069886	-39
1666364016.074036	-38
1666364016.078140	-37
1666364016.082314	-35
1666364016.086471	-34
1666364016.090633	-33
1666364016.094896	-32
1666364016.099041	-30
1666364016.102982	-29
1666364016.107101	-28
1666364016.111477	-27
1666364016.115509	-25
1666364016.119578	-24
1666364016.123674	-23
1666364016.128060	-22
1666364016.132189	-20
1666364016.136330	-19
1666364016.140321	-18
1666364016.144389	-17
1666364016.148891	-15
1666364016.152902	-14
1666364016.157022	-13
1666364016.161181	-12
1666364016.165243	-10
1666364016.169086	-9
1666364016.173323	-8
1666364016.177320	-7
1666364016.181820	-5
1666364016.185743	-4
1666364016.189852	-3
1666364016.193919	-2
1666364016.198028	-1
1666364016.202242	0
1666364016.204230	0
