## Values
## High Speed = 900
## Low Speed = 300
## Acceleration = 3000
## Deceleration = 0
## Position = 0
## Idle Time = 1
## Accel/Decel profile = Sinusoidal
## Dwell time = 0.0
## Length = 500
## Cycles = 3


1666364031.109965	0
1666364031.114111	0
1666364031.115972	0
1666364031.129333	0
1666364031.133403	-2
1666364031.137396	-3
1666364031.141573	-4
1666364031.145718	-5
1666364031.149871	-7
1666364031.153939	-8
1666364031.157904	-9
1666364031.162081	-10
1666364031.166213	-12
1666364031.170298	-13
1666364031.174389	-14
1666364031.178673	-15
1666364031.182830	-17
1666364031.186966	-18
1666364031.190896	-19
1666364031.195087	-20
1666364031.199186	-21
1666364031.203305	-23
1666364031.207461	-24
1666364031.211679	-25
1666364031.215802	-26
1666364031.219947	-28
1666364031.223966	-29
1666364031.228130	-30
1666364031.232254	-31
1666364031.236572	-33
1666364031.240582	-34
1666364031.244903	-35
1666364031.248858	-36
1666364031.252988	-38
1666364031.257126	-39
1666364031.261389	-40
1666364031.265584	-41
1666364031.269751	-43
1666364031.273892	-44
1666364031.277872	-45
1666364031.281991	-46
1666364031.286088	-48
1666364031.290655	-49
1666364031.294496	-50
1666364031.298726	-51
1666364031.302765	-53
1666364031.307007	-54
1666364031.311192	-55
1666364031.315320	-57
1666364031.319431	-58
1666364031.323591	-59
1666364031.327682	-60
1666364031.331718	-62
1666364031.335730	-63
1666364031.340206	-64
1666364031.344296	-65
1666364031.348460	-67
1666364031.352528	-68
1666364031.356673	-69
1666364031.360661	-70
1666364031.364803	-72
1666364031.369090	-73
1666364031.373262	-74
1666364031.377394	-76
1666364031.381681	-77
1666364031.385491	-78
1666364031.389722	-79
1666364031.393964	-81
1666364031.398115	-82
1666364031.402245	-83
1666364031.406434	-85
1666364031.410459	-86
1666364031.414582	-87
1666364031.418689	-88
1666364031.423027	-90
1666364031.427156	-91
1666364031.431304	-92
1666364031.435353	-94
1666364031.439407	-95
1666364031.443442	-96
1666364031.447725	-97
1666364031.451848	-99
1666364031.456124	-100
1666364031.460308	-101
1666364031.464347	-103
1666364031.468570	-104
1666364031.472658	-105
1666364031.477056	-107
1666364031.481172	-108
1666364031.485307	-109
1666364031.489401	-111
1666364031.493545	-112
1666364031.497938	-113
1666364031.502132	-115
1666364031.506263	-116
1666364031.510283	-117
1666364031.514543	-119
1666364031.518806	-120
1666364031.522985	-121
1666364031.527154	-123
1666364031.531191	-124
1666364031.535320	-125
1666364031.539439	-127
1666364031.543584	-128
1666364031.547979	-129
1666364031.552101	-131
1666364031.556121	-132
1666364031.560262	-133
1666364031.564674	-135
1666364031.568854	-136
1666364031.573017	-137
1666364031.576928	-139
1666364031.581285	-140
1666364031.585694	-141
1666364031.589697	-143
1666364031.593852	-144
1666364031.598041	-146
1666364031.601990	-147
1666364031.606124	-148
1666364031.610368	-150
1666364031.614628	-151
1666364031.618821	-152
1666364031.622897	-154
1666364031.627016	-155
1666364031.631103	-156
1666364031.635521	-158
1666364031.639620	-159
1666364031.643764	-161
1666364031.647806	-162
1666364031.652046	-163
1666364031.656316	-165
1666364031.660497	-166
1666364031.664679	-167
1666364031.668606	-169
1666364031.672827	-170
1666364031.677024	-172
1666364031.681377	-173
1666364031.685606	-174
1666364031.689652	-176
1666364031.693713	-177
1666364031.697915	-179
1666364031.702009	-180
1666364031.706454	-181
1666364031.710514	-183
1666364031.714666	-184
1666364031.718830	-185
1666364031.723084	-187
1666364031.727206	-188
1666364031.731422	-190
1666364031.735558	-191
1666364031.739574	-192
1666364031.743699	-194
1666364031.748065	-195
1666364031.752240	-197
1666364031.756258	-198
1666364031.760448	-199
1666364031.764621	-201
1666364031.768968	-202
1666364031.773169	-204
1666364031.777275	-205
1666364031.781470	-206
1666364031.785495	-208
1666364031.789848	-209
1666364031.793880	-211
1666364031.798189	-212
1666364031.802294	-213
1666364031.806447	-215
1666364031.810541	-216
1666364031.814735	-218
1666364031.818788	-219
1666364031.823140	-220
1666364031.827166	-222
1666364031.831435	-223
1666364031.835572	-225
1666364031.839713	-226
1666364031.843935	-228
1666364031.848135	-229
1666364031.852197	-230
1666364031.856399	-232
1666364031.860604	-233
1666364031.864891	-235
1666364031.869026	-236
1666364031.873214	-237
1666364031.877301	-239
1666364031.881440	-240
1666364031.885668	-242
1666364031.889842	-243
1666364031.893951	-244
1666364031.898154	-246
1666364031.902364	-247
1666364031.906535	-249
1666364031.910803	-250
1666364031.914941	-251
1666364031.919004	-253
1666364031.923182	-254
1666364031.927602	-256
1666364031.931629	-257
1666364031.935725	-259
1666364031.939881	-260
1666364031.944346	-261
1666364031.948364	-263
1666364031.952619	-264
1666364031.956790	-266
1666364031.960965	-267
1666364031.965055	-268
1666364031.969392	-270
1666364031.973626	-271
1666364031.977656	-273
1666364031.981973	-274
1666364031.986047	-275
1666364031.990244	-277
1666364031.994491	-278
1666364031.998569	-280
1666364032.002841	-281
1666364032.006929	-283
1666364032.011190	-284
1666364032.015427	-285
1666364032.019577	-287
1666364032.023629	-288
1666364032.027816	-290
1666364032.032044	-291
1666364032.036296	-292
1666364032.040422	-294
1666364032.044547	-295
1666364032.048723	-297
1666364032.053046	-298
1666364032.057088	-299
1666364032.061391	-301
1666364032.065624	-302
1666364032.069667	-304
1666364032.073911	-305
1666364032.078061	-306
1666364032.082327	-308
1666364032.086570	-309
1666364032.090594	-311
1666364032.094746	-312
1666364032.099058	-313
1666364032.103306	-315
1666364032.107511	-316
1666364032.111608	-318
1666364032.115676	-319
1666364032.120026	-320
1666364032.124064	-322
1666364032.128391	-323
1666364032.132450	-325
1666364032.136653	-326
1666364032.140838	-327
1666364032.145118	-329
1666364032.149200	-330
1666364032.153392	-332
1666364032.157548	-333
1666364032.161741	-334
1666364032.165929	-336
1666364032.170087	-337
1666364032.174357	-338
1666364032.178424	-340
1666364032.182721	-341
1666364032.186972	-343
1666364032.191184	-344
1666364032.195339	-345
1666364032.199424	-347
1666364032.203494	-348
1666364032.207740	-349
1666364032.211992	-351
1666364032.216058	-352
1666364032.220331	-354
1666364032.224392	-355
1666364032.228634	-356
1666364032.232911	-358
1666364032.237015	-359
1666364032.241189	-360
1666364032.245404	-362
1666364032.249669	-363
1666364032.253836	-364
1666364032.258020	-366
1666364032.262192	-367
1666364032.266250	-369
1666364032.270490	-370
1666364032.274761	-371
1666364032.278929	-373
1666364032.283164	-374
1666364032.287138	-375
1666364032.291405	-377
1666364032.295678	-378
1666364032.299856	-379
1666364032.303813	-381
1666364032.308079	-382
1666364032.312297	-383
1666364032.316638	-385
1666364032.320815	-386
1666364032.324894	-387
1666364032.329052	-389
1666364032.333173	-390
1666364032.337523	-391
1666364032.341613	-393
1666364032.345961	-394
1666364032.349983	-395
1666364032.354142	-397
1666364032.358350	-398
1666364032.362660	-399
1666364032.366837	-401
1666364032.371140	-402
1666364032.375122	-403
1666364032.379392	-404
1666364032.383401	-406
1666364032.387733	-407
1666364032.391768	-408
1666364032.396071	-410
1666364032.400239	-411
1666364032.404516	-412
1666364032.408530	-414
1666364032.412788	-415
1666364032.416885	-416
1666364032.421133	-418
1666364032.425581	-419
1666364032.429677	-420
1666364032.433743	-421
1666364032.437916	-423
1666364032.442072	-424
1666364032.446446	-425
1666364032.450700	-427
1666364032.454753	-428
1666364032.459037	-429
1666364032.463284	-430
1666364032.467425	-432
1666364032.471597	-433
1666364032.475646	-434
1666364032.479748	-436
1666364032.483999	-437
1666364032.488310	-438
1666364032.492283	-439
1666364032.496571	-441
1666364032.500615	-442
1666364032.504807	-443
1666364032.508977	-444
1666364032.513319	-446
1666364032.517475	-447
1666364032.521558	-448
1666364032.525760	-450
1666364032.530101	-451
1666364032.534322	-452
1666364032.538461	-453
1666364032.542488	-455
1666364032.546767	-456
1666364032.551081	-457
1666364032.555252	-458
1666364032.559439	-460
1666364032.563461	-461
1666364032.567753	-462
1666364032.571998	-464
1666364032.575990	-465
1666364032.580402	-466
1666364032.584400	-467
1666364032.588780	-469
1666364032.593004	-470
1666364032.597188	-471
1666364032.601326	-472
1666364032.605439	-474
1666364032.609722	-475
1666364032.613935	-476
1666364032.618109	-477
1666364032.622234	-479
1666364032.626256	-480
1666364032.630421	-481
1666364032.634794	-482
1666364032.638989	-484
1666364032.643229	-485
1666364032.647282	-486
1666364032.651353	-487
1666364032.655735	-489
1666364032.659885	-490
1666364032.664076	-491
1666364032.668211	-492
1666364032.672154	-494
1666364032.676532	-495
1666364032.680547	-496
1666364032.684896	-497
1666364032.689049	-499
1666364032.693094	-500
1666364032.697504	-500
1666364032.699634	-500
1666364032.713157	-499
1666364032.717120	-498
1666364032.721482	-497
1666364032.725504	-496
1666364032.729714	-494
1666364032.733898	-493
1666364032.737937	-492
1666364032.742118	-491
1666364032.746449	-489
1666364032.750623	-488
1666364032.754839	-487
1666364032.758880	-486
1666364032.763021	-484
1666364032.767372	-483
1666364032.771562	-482
1666364032.775874	-481
1666364032.779796	-479
1666364032.783937	-478
1666364032.788101	-477
1666364032.792259	-476
1666364032.796418	-474
1666364032.800825	-473
1666364032.804848	-472
1666364032.808995	-471
1666364032.813253	-469
1666364032.817475	-468
1666364032.821673	-467
1666364032.825823	-465
1666364032.830224	-464
1666364032.834271	-463
1666364032.838406	-462
1666364032.842711	-460
1666364032.847018	-459
1666364032.850968	-458
1666364032.855271	-457
1666364032.859443	-455
1666364032.863576	-454
1666364032.867861	-453
1666364032.872029	-452
1666364032.876156	-450
1666364032.880368	-449
1666364032.884517	-448
1666364032.888693	-446
1666364032.892955	-445
1666364032.897026	-444
1666364032.901317	-443
1666364032.905617	-441
1666364032.909667	-440
1666364032.913857	-439
1666364032.917922	-438
1666364032.922247	-436
1666364032.926400	-435
1666364032.930535	-434
1666364032.934837	-432
1666364032.938997	-431
1666364032.943213	-430
1666364032.947289	-429
1666364032.951441	-427
1666364032.955630	-426
1666364032.960045	-425
1666364032.964011	-423
1666364032.968301	-422
1666364032.972480	-421
1666364032.976747	-419
1666364032.980854	-418
1666364032.985160	-417
1666364032.989227	-416
1666364032.993499	-414
1666364032.997665	-413
1666364033.001933	-412
1666364033.006133	-410
1666364033.010231	-409
1666364033.014478	-408
1666364033.018695	-406
1666364033.022828	-405
1666364033.026999	-404
1666364033.031182	-403
1666364033.035306	-401
1666364033.039555	-400
1666364033.043767	-399
1666364033.047907	-397
1666364033.052048	-396
1666364033.056254	-395
1666364033.060479	-393
1666364033.064773	-392
1666364033.068909	-391
1666364033.073009	-389
1666364033.077315	-388
1666364033.081560	-387
1666364033.085726	-385
1666364033.089872	-384
1666364033.094140	-383
1666364033.098254	-381
1666364033.102482	-380
1666364033.106564	-379
1666364033.110900	-377
1666364033.114961	-376
1666364033.119142	-375
1666364033.123402	-373
1666364033.127450	-372
1666364033.131601	-371
1666364033.135759	-369
1666364033.139965	-368
1666364033.144228	-366
1666364033.148448	-365
1666364033.152706	-364
1666364033.156778	-362
1666364033.160984	-361
1666364033.165163	-360
1666364033.169333	-358
1666364033.173692	-357
1666364033.177807	-356
1666364033.181989	-354
1666364033.186172	-353
1666364033.190375	-352
1666364033.194489	-350
1666364033.198665	-349
1666364033.202772	-347
1666364033.207146	-346
1666364033.211140	-345
1666364033.215415	-343
1666364033.219620	-342
1666364033.223819	-341
1666364033.227885	-339
1666364033.232075	-338
1666364033.236396	-336
1666364033.240502	-335
1666364033.244658	-334
1666364033.248793	-332
1666364033.253057	-331
1666364033.257250	-329
1666364033.261441	-328
1666364033.265649	-327
1666364033.269873	-325
1666364033.274055	-324
1666364033.278163	-322
1666364033.282403	-321
1666364033.286438	-320
1666364033.290660	-318
1666364033.294908	-317
1666364033.299199	-315
1666364033.303319	-314
1666364033.307468	-313
1666364033.311678	-311
1666364033.315941	-310
1666364033.320111	-308
1666364033.324158	-307
1666364033.328588	-306
1666364033.332632	-304
1666364033.336857	-303
1666364033.341044	-301
1666364033.345162	-300
1666364033.349467	-299
1666364033.353559	-297
1666364033.357845	-296
1666364033.362199	-294
1666364033.366211	-293
1666364033.370290	-292
1666364033.374594	-290
1666364033.378618	-289
1666364033.382779	-287
1666364033.386976	-286
1666364033.391119	-285
1666364033.395469	-283
1666364033.399696	-282
1666364033.403860	-280
1666364033.407996	-279
1666364033.412033	-278
1666364033.416368	-276
1666364033.420496	-275
1666364033.424774	-273
1666364033.428899	-272
1666364033.433052	-270
1666364033.437433	-269
1666364033.441535	-268
1666364033.445870	-266
1666364033.450004	-265
1666364033.454008	-263
1666364033.458400	-262
1666364033.462592	-261
1666364033.466581	-259
1666364033.470767	-258
1666364033.474924	-256
1666364033.479248	-255
1666364033.483293	-254
1666364033.487479	-252
1666364033.491612	-251
1666364033.495799	-249
1666364033.499968	-248
1666364033.504166	-246
1666364033.508312	-245
1666364033.512500	-244
1666364033.516655	-242
1666364033.520863	-241
1666364033.525048	-239
1666364033.529250	-238
1666364033.533530	-237
1666364033.537634	-235
1666364033.541774	-234
1666364033.545981	-232
1666364033.550110	-231
1666364033.554391	-230
1666364033.558503	-228
1666364033.562696	-227
1666364033.566751	-225
1666364033.570914	-224
1666364033.575242	-223
1666364033.579297	-221
1666364033.583517	-220
1666364033.587649	-218
1666364033.591808	-217
1666364033.596095	-216
1666364033.600074	-214
1666364033.604416	-213
1666364033.608565	-211
1666364033.612579	-210
1666364033.616944	-209
1666364033.620831	-207
1666364033.625176	-206
1666364033.629344	-204
1666364033.633482	-203
1666364033.637593	-201
1666364033.641762	-200
1666364033.646087	-199
1666364033.650290	-197
1666364033.654478	-196
1666364033.658498	-194
1666364033.662753	-193
1666364033.666946	-192
1666364033.670963	-190
1666364033.675287	-189
1666364033.679425	-188
1666364033.683397	-186
1666364033.687588	-185
1666364033.692034	-183
1666364033.696130	-182
1666364033.700324	-181
1666364033.704345	-179
1666364033.708486	-178
1666364033.712807	-176
1666364033.717021	-175
1666364033.721121	-174
1666364033.725275	-172
1666364033.729285	-171
1666364033.733449	-169
1666364033.737820	-168
1666364033.741997	-167
1666364033.746171	-165
1666364033.750253	-164
1666364033.754333	-163
1666364033.758502	-161
1666364033.762790	-160
1666364033.766998	-158
1666364033.771204	-157
1666364033.775167	-156
1666364033.779252	-154
1666364033.783459	-153
1666364033.787790	-152
1666364033.791935	-150
1666364033.796009	-149
1666364033.800113	-147
1666364033.804399	-146
1666364033.808605	-145
1666364033.812781	-143
1666364033.816921	-142
1666364033.821070	-141
1666364033.825156	-139
1666364033.829243	-138
1666364033.833591	-137
1666364033.837792	-135
1666364033.841951	-134
1666364033.845946	-133
1666364033.850128	-131
1666364033.854407	-130
1666364033.858402	-129
1666364033.862769	-127
1666364033.866903	-126
1666364033.870919	-125
1666364033.875274	-123
1666364033.879431	-122
1666364033.883492	-121
1666364033.887591	-119
1666364033.891872	-118
1666364033.895934	-117
1666364033.900100	-115
1666364033.904442	-114
1666364033.908639	-113
1666364033.912806	-111
1666364033.916811	-110
1666364033.920985	-109
1666364033.925427	-107
1666364033.929614	-106
1666364033.933753	-105
1666364033.937753	-103
1666364033.941928	-102
1666364033.946271	-101
1666364033.950352	-99
1666364033.954534	-98
1666364033.958685	-97
1666364033.962772	-95
1666364033.966717	-94
1666364033.970854	-93
1666364033.975089	-92
1666364033.979079	-90
1666364033.983226	-89
1666364033.987571	-88
1666364033.991584	-86
1666364033.995660	-85
1666364033.999941	-84
1666364034.004093	-83
1666364034.008291	-81
1666364034.012475	-80
1666364034.016594	-79
1666364034.020576	-77
1666364034.024694	-76
1666364034.029047	-75
1666364034.033169	-74
1666364034.037282	-72
1666364034.041390	-71
1666364034.045482	-70
1666364034.049470	-69
1666364034.053631	-67
1666364034.057780	-66
1666364034.062099	-65
1666364034.066240	-63
1666364034.070139	-62
1666364034.074379	-61
1666364034.078461	-60
1666364034.082715	-58
1666364034.086805	-57
1666364034.091009	-56
1666364034.095129	-55
1666364034.099256	-53
1666364034.103315	-52
1666364034.107362	-51
1666364034.111773	-50
1666364034.115860	-48
1666364034.119990	-47
1666364034.124129	-46
1666364034.128237	-45
1666364034.132239	-43
1666364034.136538	-42
1666364034.140463	-41
1666364034.144794	-40
1666364034.148954	-38
1666364034.153089	-37
1666364034.157166	-36
1666364034.161157	-35
1666364034.165428	-33
1666364034.169663	-32
1666364034.173804	-31
1666364034.177937	-30
1666364034.182115	-28
1666364034.186317	-27
1666364034.190261	-26
1666364034.194488	-25
1666364034.198447	-23
1666364034.202763	-22
1666364034.206883	-21
1666364034.211026	-20
1666364034.215074	-18
1666364034.219167	-17
1666364034.223298	-16
1666364034.227329	-15
1666364034.231562	-13
1666364034.235728	-12
1666364034.239850	-11
1666364034.243939	-10
1666364034.247926	-9
1666364034.251967	-7
1666364034.256255	-6
1666364034.260164	-5
1666364034.264380	-4
1666364034.268750	-2
1666364034.272730	-1
1666364034.276703	0
1666364034.280876	0
1666364034.282871	0
1666364034.284779	0
1666364034.288885	0
1666364034.290794	0
1666364034.304480	-1
1666364034.308415	-2
1666364034.312469	-3
1666364034.316614	-4
1666364034.320594	-5
1666364034.324708	-7
1666364034.328747	-8
1666364034.332975	-9
1666364034.337112	-10
1666364034.341301	-12
1666364034.345425	-13
1666364034.349613	-14
1666364034.353704	-15
1666364034.357651	-17
1666364034.361772	-18
1666364034.366068	-19
1666364034.370002	-20
1666364034.374324	-22
1666364034.378467	-23
1666364034.382370	-24
1666364034.386522	-25
1666364034.390670	-27
1666364034.394975	-28
1666364034.399143	-29
1666364034.403295	-30
1666364034.407437	-32
1666364034.411455	-33
1666364034.415609	-34
1666364034.419677	-35
1666364034.424043	-37
1666364034.428176	-38
1666364034.432333	-39
1666364034.436407	-40
1666364034.440384	-42
1666364034.444653	-43
1666364034.448852	-44
1666364034.453009	-45
1666364034.457143	-47
1666364034.461308	-48
1666364034.465338	-49
1666364034.469392	-50
1666364034.473563	-52
1666364034.477719	-53
1666364034.481998	-54
1666364034.486067	-55
1666364034.490122	-57
1666364034.494212	-58
1666364034.498462	-59
1666364034.502478	-60
1666364034.506699	-62
1666364034.510763	-63
1666364034.515038	-64
1666364034.519201	-65
1666364034.523243	-67
1666364034.527353	-68
1666364034.531549	-69
1666364034.535773	-71
1666364034.539884	-72
1666364034.543881	-73
1666364034.548074	-74
1666364034.552186	-76
1666364034.556405	-77
1666364034.560441	-78
1666364034.564711	-79
1666364034.568863	-81
1666364034.572969	-82
1666364034.577003	-83
1666364034.581133	-85
1666364034.585496	-86
1666364034.589574	-87
1666364034.593771	-88
1666364034.597921	-90
1666364034.601883	-91
1666364034.606069	-92
1666364034.610111	-94
1666364034.614377	-95
1666364034.618561	-96
1666364034.622768	-98
1666364034.626714	-99
1666364034.630949	-100
1666364034.635191	-101
1666364034.639170	-103
1666364034.643499	-104
1666364034.647790	-105
1666364034.651806	-107
1666364034.655901	-108
1666364034.660150	-109
1666364034.664500	-111
1666364034.668669	-112
1666364034.672778	-113
1666364034.676762	-115
1666364034.681161	-116
1666364034.685349	-117
1666364034.689587	-119
1666364034.693514	-120
1666364034.697706	-121
1666364034.701845	-123
1666364034.706001	-124
1666364034.710344	-125
1666364034.714569	-127
1666364034.718636	-128
1666364034.722672	-129
1666364034.727056	-131
1666364034.731021	-132
1666364034.735398	-133
1666364034.739563	-135
1666364034.743578	-136
1666364034.747854	-137
1666364034.752080	-139
1666364034.756075	-140
1666364034.760254	-142
1666364034.764435	-143
1666364034.768783	-144
1666364034.772901	-146
1666364034.776953	-147
1666364034.781138	-148
1666364034.785313	-150
1666364034.789432	-151
1666364034.793560	-152
1666364034.797908	-154
1666364034.802073	-155
1666364034.806256	-157
1666364034.810185	-158
1666364034.814450	-159
1666364034.818738	-161
1666364034.822745	-162
1666364034.826965	-163
1666364034.831211	-165
1666364034.835317	-166
1666364034.839372	-168
1666364034.843581	-169
1666364034.847955	-170
1666364034.852120	-172
1666364034.856265	-173
1666364034.860376	-174
1666364034.864505	-176
1666364034.868844	-177
1666364034.872991	-179
1666364034.876989	-180
1666364034.881156	-181
1666364034.885419	-183
1666364034.889675	-184
1666364034.893877	-186
1666364034.897997	-187
1666364034.902180	-188
1666364034.906147	-190
1666364034.910355	-191
1666364034.914519	-193
1666364034.918855	-194
1666364034.923144	-195
1666364034.927153	-197
1666364034.931274	-198
1666364034.935495	-200
1666364034.939782	-201
1666364034.943986	-202
1666364034.948093	-204
1666364034.952173	-205
1666364034.956482	-207
1666364034.960611	-208
1666364034.964849	-209
1666364034.969016	-211
1666364034.973034	-212
1666364034.977086	-214
1666364034.981318	-215
1666364034.985649	-216
1666364034.989834	-218
1666364034.993993	-219
1666364034.997914	-221
1666364035.002142	-222
1666364035.006544	-223
1666364035.010578	-225
1666364035.014609	-226
1666364035.018809	-228
1666364035.022967	-229
1666364035.027139	-230
1666364035.031580	-232
1666364035.035691	-233
1666364035.039838	-235
1666364035.043836	-236
1666364035.048015	-238
1666364035.052292	-239
1666364035.056578	-240
1666364035.060680	-242
1666364035.064745	-243
1666364035.068923	-245
1666364035.073238	-246
1666364035.077454	-247
1666364035.081607	-249
1666364035.085678	-250
1666364035.089902	-252
1666364035.093985	-253
1666364035.098335	-254
1666364035.102515	-256
1666364035.106611	-257
1666364035.110660	-259
1666364035.115093	-260
1666364035.119266	-261
1666364035.123487	-263
1666364035.127565	-264
1666364035.131706	-266
1666364035.136012	-267
1666364035.140184	-269
1666364035.144482	-270
1666364035.148580	-271
1666364035.152687	-273
1666364035.156852	-274
1666364035.161124	-276
1666364035.165408	-277
1666364035.169505	-278
1666364035.173503	-280
1666364035.177684	-281
1666364035.182011	-283
1666364035.186289	-284
1666364035.190451	-285
1666364035.194411	-287
1666364035.198842	-288
1666364035.203074	-290
1666364035.207162	-291
1666364035.211320	-293
1666364035.215338	-294
1666364035.219595	-295
1666364035.223630	-297
1666364035.228024	-298
1666364035.232267	-300
1666364035.236279	-301
1666364035.240441	-302
1666364035.244831	-304
1666364035.249019	-305
1666364035.253280	-307
1666364035.257229	-308
1666364035.261377	-309
1666364035.265528	-311
1666364035.269944	-312
1666364035.274097	-314
1666364035.278139	-315
1666364035.282393	-316
1666364035.286645	-318
1666364035.290811	-319
1666364035.294957	-321
1666364035.299059	-322
1666364035.303262	-323
1666364035.307549	-325
1666364035.311542	-326
1666364035.315687	-328
1666364035.319897	-329
1666364035.324153	-330
1666364035.328369	-332
1666364035.332520	-333
1666364035.336656	-334
1666364035.340866	-336
1666364035.345047	-337
1666364035.349192	-339
1666364035.353430	-340
1666364035.357604	-341
1666364035.361822	-343
1666364035.366090	-344
1666364035.370309	-345
1666364035.374431	-347
1666364035.378559	-348
1666364035.382815	-350
1666364035.386817	-351
1666364035.391271	-352
1666364035.395337	-354
1666364035.399540	-355
1666364035.403684	-356
1666364035.407672	-358
1666364035.411945	-359
1666364035.416256	-361
1666364035.420432	-362
1666364035.424585	-363
1666364035.428711	-365
1666364035.432868	-366
1666364035.437170	-367
1666364035.441386	-369
1666364035.445549	-370
1666364035.449554	-371
1666364035.453689	-373
1666364035.457944	-374
1666364035.462071	-375
1666364035.466470	-377
1666364035.470574	-378
1666364035.474617	-379
1666364035.478952	-381
1666364035.483194	-382
1666364035.487392	-383
1666364035.491590	-385
1666364035.495599	-386
1666364035.499779	-387
1666364035.504139	-389
1666364035.508139	-390
1666364035.512506	-391
1666364035.516470	-393
1666364035.520708	-394
1666364035.525121	-395
1666364035.529448	-397
1666364035.533423	-398
1666364035.537565	-399
1666364035.541665	-401
1666364035.546020	-402
1666364035.550197	-403
1666364035.554290	-405
1666364035.558452	-406
1666364035.562551	-407
1666364035.566851	-409
1666364035.570910	-410
1666364035.575230	-411
1666364035.579338	-412
1666364035.583429	-414
1666364035.587813	-415
1666364035.591922	-416
1666364035.596275	-418
1666364035.600311	-419
1666364035.604521	-420
1666364035.608599	-422
1666364035.612967	-423
1666364035.617180	-424
1666364035.621187	-425
1666364035.625380	-427
1666364035.629649	-428
1666364035.633966	-429
1666364035.637993	-431
1666364035.642181	-432
1666364035.646357	-433
1666364035.650620	-434
1666364035.654827	-436
1666364035.659039	-437
1666364035.663114	-438
1666364035.667300	-439
1666364035.671461	-441
1666364035.675744	-442
1666364035.679926	-443
1666364035.683938	-445
1666364035.688129	-446
1666364035.692414	-447
1666364035.696666	-448
1666364035.700827	-450
1666364035.704980	-451
1666364035.709039	-452
1666364035.713426	-453
1666364035.717636	-455
1666364035.721773	-456
1666364035.725926	-457
1666364035.729994	-459
1666364035.734241	-460
1666364035.738347	-461
1666364035.742723	-462
1666364035.746925	-464
1666364035.751061	-465
1666364035.755356	-466
1666364035.759392	-467
1666364035.763657	-469
1666364035.767780	-470
1666364035.771980	-471
1666364035.776247	-472
1666364035.780455	-474
1666364035.784598	-475
1666364035.788768	-476
1666364035.792859	-478
1666364035.797181	-479
1666364035.801273	-480
1666364035.805505	-481
1666364035.809705	-483
1666364035.813741	-484
1666364035.817858	-485
1666364035.822099	-486
1666364035.826372	-488
1666364035.830502	-489
1666364035.834622	-490
1666364035.838770	-491
1666364035.843077	-493
1666364035.847290	-494
1666364035.851264	-495
1666364035.855582	-496
1666364035.859628	-498
1666364035.863829	-499
1666364035.868164	-500
1666364035.872446	-500
1666364035.874503	-500
1666364035.888001	-499
1666364035.892136	-498
1666364035.896322	-497
1666364035.900432	-496
1666364035.904587	-494
1666364035.908863	-493
1666364035.912935	-492
1666364035.917151	-491
1666364035.921299	-489
1666364035.925473	-488
1666364035.929613	-487
1666364035.933798	-486
1666364035.937946	-484
1666364035.942177	-483
1666364035.946494	-482
1666364035.950442	-481
1666364035.954742	-479
1666364035.958945	-478
1666364035.963218	-477
1666364035.967403	-476
1666364035.971510	-474
1666364035.975607	-473
1666364035.979737	-472
1666364035.984100	-471
1666364035.988190	-469
1666364035.992402	-468
1666364035.996629	-467
1666364036.000877	-465
1666364036.005091	-464
1666364036.009140	-463
1666364036.013350	-462
1666364036.017630	-460
1666364036.021841	-459
1666364036.026036	-458
1666364036.030137	-457
1666364036.034242	-455
1666364036.038444	-454
1666364036.042773	-453
1666364036.047023	-452
1666364036.051102	-450
1666364036.055248	-449
1666364036.059563	-448
1666364036.063787	-446
1666364036.067963	-445
1666364036.071932	-444
1666364036.076163	-443
1666364036.080272	-441
1666364036.084626	-440
1666364036.088784	-439
1666364036.092920	-438
1666364036.097005	-436
1666364036.101269	-435
1666364036.105501	-434
1666364036.109774	-432
1666364036.113914	-431
1666364036.117981	-430
1666364036.122241	-429
1666364036.126554	-427
1666364036.130762	-426
1666364036.134862	-425
1666364036.139036	-423
1666364036.143340	-422
1666364036.147522	-421
1666364036.151686	-419
1666364036.155765	-418
1666364036.160192	-417
1666364036.164111	-416
1666364036.168397	-414
1666364036.172671	-413
1666364036.176720	-412
1666364036.181048	-410
1666364036.185089	-409
1666364036.189439	-408
1666364036.193612	-406
1666364036.197679	-405
1666364036.201811	-404
1666364036.205976	-403
1666364036.210297	-401
1666364036.214488	-400
1666364036.218559	-399
1666364036.222732	-397
1666364036.226994	-396
1666364036.231281	-395
1666364036.235487	-393
1666364036.239577	-392
1666364036.243754	-391
1666364036.247880	-389
1666364036.252227	-388
1666364036.256271	-387
1666364036.260513	-385
1666364036.264715	-384
1666364036.269025	-383
1666364036.273177	-381
1666364036.277425	-380
1666364036.281420	-379
1666364036.285623	-377
1666364036.289978	-376
1666364036.293966	-375
1666364036.298362	-373
1666364036.302407	-372
1666364036.306665	-371
1666364036.310905	-369
1666364036.315039	-368
1666364036.319303	-366
1666364036.323274	-365
1666364036.327584	-364
1666364036.331641	-362
1666364036.336017	-361
1666364036.340015	-360
1666364036.344286	-358
1666364036.348411	-357
1666364036.352673	-356
1666364036.356949	-354
1666364036.361005	-353
1666364036.365226	-352
1666364036.369571	-350
1666364036.373550	-349
1666364036.377669	-347
1666364036.381983	-346
1666364036.385991	-345
1666364036.390206	-343
1666364036.394414	-342
1666364036.398758	-341
1666364036.402942	-339
1666364036.407101	-338
1666364036.411143	-336
1666364036.415599	-335
1666364036.419702	-334
1666364036.423872	-332
1666364036.427832	-331
1666364036.432046	-329
1666364036.436318	-328
1666364036.440670	-327
1666364036.444584	-325
1666364036.448969	-324
1666364036.453034	-322
1666364036.457323	-321
1666364036.461348	-320
1666364036.465748	-318
1666364036.469949	-317
1666364036.473936	-315
1666364036.478125	-314
1666364036.482527	-313
1666364036.486704	-311
1666364036.490919	-310
1666364036.494865	-308
1666364036.499166	-307
1666364036.503356	-306
1666364036.507561	-304
1666364036.511624	-303
1666364036.515803	-301
1666364036.520019	-300
1666364036.524220	-299
1666364036.528439	-297
1666364036.532729	-296
1666364036.536827	-294
1666364036.540998	-293
1666364036.545169	-292
1666364036.549522	-290
1666364036.553710	-289
1666364036.557706	-287
1666364036.561847	-286
1666364036.566188	-285
1666364036.570390	-283
1666364036.574557	-282
1666364036.578626	-280
1666364036.582943	-279
1666364036.587137	-278
1666364036.591368	-276
1666364036.595544	-275
1666364036.599605	-273
1666364036.603808	-272
1666364036.607976	-270
1666364036.612135	-269
1666364036.616543	-268
1666364036.620570	-266
1666364036.624749	-265
1666364036.628881	-263
1666364036.633086	-262
1666364036.637411	-261
1666364036.641472	-259
1666364036.645651	-258
1666364036.649993	-256
1666364036.654201	-255
1666364036.658377	-254
1666364036.662364	-252
1666364036.666572	-251
1666364036.670683	-249
1666364036.675042	-248
1666364036.679238	-246
1666364036.683369	-245
1666364036.687414	-244
1666364036.691555	-242
1666364036.695723	-241
1666364036.699897	-239
1666364036.704335	-238
1666364036.708301	-237
1666364036.712554	-235
1666364036.718059	-233
1666364036.722270	-232
1666364036.726414	-231
1666364036.730601	-229
1666364036.734865	-228
1666364036.738985	-226
1666364036.743141	-225
1666364036.747279	-223
1666364036.751420	-222
1666364036.755584	-221
1666364036.759896	-219
1666364036.763934	-218
1666364036.768089	-216
1666364036.772225	-215
1666364036.776461	-214
1666364036.780589	-212
1666364036.784803	-211
1666364036.788967	-209
1666364036.792985	-208
1666364036.797228	-207
1666364036.801489	-205
1666364036.805610	-204
1666364036.809805	-202
1666364036.814008	-201
1666364036.818119	-200
1666364036.822297	-198
1666364036.826565	-197
1666364036.830749	-195
1666364036.834916	-194
1666364036.838978	-193
1666364036.843131	-191
1666364036.847270	-190
1666364036.851469	-188
1666364036.855567	-187
1666364036.859889	-186
1666364036.863995	-184
1666364036.868162	-183
1666364036.872387	-181
1666364036.876552	-180
1666364036.880627	-179
1666364036.884813	-177
1666364036.889006	-176
1666364036.893265	-175
1666364036.897262	-173
1666364036.901638	-172
1666364036.905715	-170
1666364036.909830	-169
1666364036.914138	-168
1666364036.918392	-166
1666364036.922444	-165
1666364036.926532	-163
1666364036.930760	-162
1666364036.935067	-161
1666364036.939120	-159
1666364036.943206	-158
1666364036.947567	-157
1666364036.951525	-155
1666364036.955704	-154
1666364036.959896	-153
1666364036.964147	-151
1666364036.968188	-150
1666364036.972421	-148
1666364036.976576	-147
1666364036.980769	-146
1666364036.985050	-144
1666364036.989094	-143
1666364036.993206	-142
1666364036.997487	-140
1666364037.001516	-139
1666364037.005658	-138
1666364037.009775	-136
1666364037.014077	-135
1666364037.018188	-133
1666364037.022293	-132
1666364037.026505	-131
1666364037.030793	-129
1666364037.034784	-128
1666364037.039074	-127
1666364037.043213	-125
1666364037.047463	-124
1666364037.051461	-123
1666364037.055595	-121
1666364037.059863	-120
1666364037.063963	-119
1666364037.068316	-117
1666364037.072272	-116
1666364037.076427	-115
1666364037.080628	-113
1666364037.084999	-112
1666364037.089180	-111
1666364037.093228	-109
1666364037.097403	-108
1666364037.101521	-107
1666364037.105782	-105
1666364037.109826	-104
1666364037.114013	-103
1666364037.118162	-102
1666364037.122353	-100
1666364037.126597	-99
1666364037.130635	-98
1666364037.134949	-96
1666364037.138873	-95
1666364037.143115	-94
1666364037.147233	-92
1666364037.151395	-91
1666364037.155564	-90
1666364037.159744	-89
1666364037.163737	-87
1666364037.167883	-86
1666364037.172049	-85
1666364037.176190	-83
1666364037.180524	-82
1666364037.184568	-81
1666364037.188678	-80
1666364037.192869	-78
1666364037.196959	-77
1666364037.200972	-76
1666364037.205148	-74
1666364037.209571	-73
1666364037.213499	-72
1666364037.217619	-71
1666364037.221874	-69
1666364037.225882	-68
1666364037.230038	-67
1666364037.234123	-66
1666364037.238293	-64
1666364037.242552	-63
1666364037.246500	-62
1666364037.250848	-61
1666364037.254796	-59
1666364037.258868	-58
1666364037.263014	-57
1666364037.267167	-56
1666364037.271312	-54
1666364037.275449	-53
1666364037.279589	-52
1666364037.283747	-50
1666364037.287847	-49
1666364037.292019	-48
1666364037.296162	-47
1666364037.300264	-45
1666364037.304480	-44
1666364037.308582	-43
1666364037.312739	-42
1666364037.316801	-40
1666364037.321021	-39
1666364037.325112	-38
1666364037.329296	-37
1666364037.333453	-35
1666364037.337546	-34
1666364037.341723	-33
1666364037.345850	-32
1666364037.350014	-30
1666364037.354083	-29
1666364037.385049	-20
1666364037.395909	-18
1666364037.400883	-15
1666364037.404959	-14
1666364037.409102	-13
1666364037.413342	-11
1666364037.417508	-10
1666364037.421405	-9
1666364037.425483	-8
1666364037.429745	-6
1666364037.433679	-5
1666364037.437955	-4
1666364037.441908	-3
1666364037.446151	-2
1666364037.450148	0
1666364037.454410	0
1666364037.456387	0
1666364037.458313	0
1666364037.462550	0
1666364037.464571	0
1666364037.477885	-1
1666364037.482070	-2
1666364037.486000	-3
1666364037.490135	-4
1666364037.494215	-5
1666364037.498590	-7
1666364037.502446	-8
1666364037.506575	-9
1666364037.510755	-10
1666364037.514929	-12
1666364037.518959	-13
1666364037.523019	-14
1666364037.527114	-15
1666364037.531392	-17
1666364037.535415	-18
1666364037.539522	-19
1666364037.543681	-20
1666364037.547962	-22
1666364037.551989	-23
1666364037.556105	-24
1666364037.560165	-25
1666364037.564461	-27
1666364037.568526	-28
1666364037.572639	-29
1666364037.576785	-30
1666364037.581096	-32
1666364037.585141	-33
1666364037.589326	-34
1666364037.593505	-35
1666364037.597786	-37
1666364037.601639	-38
1666364037.605871	-39
1666364037.609932	-40
1666364037.614222	-42
1666364037.618398	-43
1666364037.622396	-44
1666364037.626646	-45
1666364037.630827	-47
1666364037.634837	-48
1666364037.638951	-49
1666364037.643138	-50
1666364037.647356	-52
1666364037.651506	-53
1666364037.655599	-54
1666364037.659706	-55
1666364037.663917	-57
1666364037.667933	-58
1666364037.672150	-59
1666364037.676253	-60
1666364037.680247	-62
1666364037.684584	-63
1666364037.688677	-64
1666364037.692682	-65
1666364037.696961	-67
1666364037.701142	-68
1666364037.705161	-69
1666364037.709323	-71
1666364037.713613	-72
1666364037.717597	-73
1666364037.721701	-74
1666364037.725843	-76
1666364037.730182	-77
1666364037.734177	-78
1666364037.738371	-79
1666364037.742507	-81
1666364037.746755	-82
1666364037.750744	-83
1666364037.754893	-85
1666364037.759097	-86
1666364037.763196	-87
1666364037.767343	-88
1666364037.771409	-90
1666364037.775754	-91
1666364037.779763	-92
1666364037.783854	-94
1666364037.787974	-95
1666364037.792140	-96
1666364037.796354	-98
1666364037.800380	-99
1666364037.804712	-100
1666364037.808860	-101
1666364037.812989	-103
1666364037.817086	-104
1666364037.821269	-105
1666364037.825535	-107
1666364037.829652	-108
1666364037.833854	-109
1666364037.838134	-111
1666364037.842210	-112
1666364037.846457	-113
1666364037.850583	-115
1666364037.854687	-116
1666364037.859014	-117
1666364037.863110	-119
1666364037.867244	-120
1666364037.871469	-121
1666364037.875567	-123
1666364037.879772	-124
1666364037.883862	-125
1666364037.888017	-127
1666364037.892369	-128
1666364037.896496	-129
1666364037.900603	-131
1666364037.904846	-132
1666364037.908981	-133
1666364037.913120	-135
1666364037.917239	-136
1666364037.921350	-137
1666364037.925632	-139
1666364037.929784	-140
1666364037.933923	-142
1666364037.938108	-143
1666364037.942281	-144
1666364037.946581	-146
1666364037.950583	-147
1666364037.954859	-148
1666364037.958891	-150
1666364037.963248	-151
1666364037.967405	-152
1666364037.971453	-154
1666364037.975602	-155
1666364037.979805	-157
1666364037.983963	-158
1666364037.988129	-159
1666364037.992389	-161
1666364037.996543	-162
1666364038.000793	-163
1666364038.004772	-165
1666364038.008864	-166
1666364038.013124	-168
1666364038.017357	-169
1666364038.021573	-170
1666364038.025630	-172
1666364038.029918	-173
1666364038.034097	-174
1666364038.038277	-176
1666364038.042294	-177
1666364038.046516	-179
1666364038.050654	-180
1666364038.054768	-181
1666364038.058986	-183
1666364038.063243	-184
1666364038.067547	-186
1666364038.071660	-187
1666364038.075708	-188
1666364038.079960	-190
1666364038.084055	-191
1666364038.088350	-193
1666364038.092515	-194
1666364038.096637	-195
1666364038.100703	-197
1666364038.105010	-198
1666364038.109180	-200
1666364038.113340	-201
1666364038.117527	-202
1666364038.121611	-204
1666364038.126016	-205
1666364038.130090	-207
1666364038.134305	-208
1666364038.138435	-209
1666364038.142476	-211
1666364038.146619	-212
1666364038.150795	-214
1666364038.154932	-215
1666364038.159098	-216
1666364038.163401	-218
1666364038.167446	-219
1666364038.171640	-221
1666364038.175812	-222
1666364038.180075	-223
1666364038.184196	-225
1666364038.188363	-226
1666364038.192681	-228
1666364038.196865	-229
1666364038.201080	-230
1666364038.205150	-232
1666364038.209226	-233
1666364038.213495	-235
1666364038.217719	-236
1666364038.221829	-238
1666364038.226045	-239
1666364038.230199	-240
1666364038.234415	-242
1666364038.238496	-243
1666364038.242606	-245
1666364038.246799	-246
1666364038.251033	-247
1666364038.255188	-249
1666364038.259305	-250
1666364038.263595	-252
1666364038.267797	-253
1666364038.271983	-254
1666364038.275993	-256
1666364038.280335	-257
1666364038.284389	-259
1666364038.288582	-260
1666364038.292845	-261
1666364038.296969	-263
1666364038.301212	-264
1666364038.305484	-266
1666364038.309584	-267
1666364038.313843	-269
1666364038.317925	-270
1666364038.322125	-271
1666364038.326277	-273
1666364038.330547	-274
1666364038.334629	-276
1666364038.338795	-277
1666364038.342988	-278
1666364038.347325	-280
1666364038.351447	-281
1666364038.355533	-283
1666364038.359880	-284
1666364038.363983	-285
1666364038.368129	-287
1666364038.372419	-288
1666364038.376576	-290
1666364038.380742	-291
1666364038.384780	-293
1666364038.389068	-294
1666364038.393249	-295
1666364038.397554	-297
1666364038.401578	-298
1666364038.405752	-300
1666364038.410069	-301
1666364038.414176	-302
1666364038.418377	-304
1666364038.422490	-305
1666364038.426636	-307
1666364038.430872	-308
1666364038.435120	-309
1666364038.439324	-311
1666364038.443514	-312
1666364038.447784	-314
1666364038.451733	-315
1666364038.456146	-316
1666364038.460300	-318
1666364038.464524	-319
1666364038.468596	-321
1666364038.472768	-322
1666364038.476862	-323
1666364038.481183	-325
1666364038.485253	-326
1666364038.489519	-328
1666364038.493785	-329
1666364038.497877	-330
1666364038.502051	-332
1666364038.506241	-333
1666364038.510434	-334
1666364038.514632	-336
1666364038.518753	-337
1666364038.523004	-339
1666364038.527193	-340
1666364038.531277	-341
1666364038.535506	-343
1666364038.539721	-344
1666364038.543799	-345
1666364038.548054	-347
1666364038.552203	-348
1666364038.556457	-350
1666364038.560504	-351
1666364038.564809	-352
1666364038.568966	-354
1666364038.573072	-355
1666364038.577272	-356
1666364038.581410	-358
1666364038.585611	-359
1666364038.589749	-361
1666364038.594120	-362
1666364038.598274	-363
1666364038.602443	-365
1666364038.606642	-366
1666364038.610838	-367
1666364038.614933	-369
1666364038.619168	-370
1666364038.623222	-371
1666364038.627523	-373
1666364038.631788	-374
1666364038.635776	-375
1666364038.639940	-377
1666364038.644106	-378
1666364038.648438	-379
1666364038.652565	-381
1666364038.656835	-382
1666364038.661035	-383
1666364038.665258	-385
1666364038.669300	-386
1666364038.673543	-387
1666364038.677681	-389
1666364038.681923	-390
1666364038.686097	-391
1666364038.690208	-393
1666364038.694378	-394
1666364038.698747	-395
1666364038.702835	-397
1666364038.707002	-398
1666364038.711318	-399
1666364038.715548	-401
1666364038.719589	-402
1666364038.723812	-403
1666364038.727873	-405
1666364038.732153	-406
1666364038.736266	-407
1666364038.740471	-409
1666364038.744765	-410
1666364038.748904	-411
1666364038.753158	-412
1666364038.757301	-414
1666364038.761390	-415
1666364038.765678	-416
1666364038.769833	-418
1666364038.774016	-419
1666364038.778258	-420
1666364038.782409	-422
1666364038.786576	-423
1666364038.790682	-424
1666364038.794986	-425
1666364038.799179	-427
1666364038.803307	-428
1666364038.807557	-429
1666364038.811645	-431
1666364038.815894	-432
1666364038.820235	-433
1666364038.824366	-434
1666364038.828392	-436
1666364038.832571	-437
1666364038.836816	-438
1666364038.840866	-439
1666364038.845148	-441
1666364038.849383	-442
1666364038.853446	-443
1666364038.857692	-445
1666364038.861924	-446
1666364038.866023	-447
1666364038.870220	-448
1666364038.874458	-450
1666364038.878493	-451
1666364038.882744	-452
1666364038.887027	-453
1666364038.891260	-455
1666364038.895404	-456
1666364038.899588	-457
1666364038.903727	-459
1666364038.907998	-460
1666364038.912197	-461
1666364038.916233	-462
1666364038.920477	-464
1666364038.924746	-465
1666364038.928900	-466
1666364038.933064	-467
1666364038.937304	-469
1666364038.941453	-470
1666364038.945685	-471
1666364038.949851	-472
1666364038.954029	-474
1666364038.958227	-475
1666364038.962415	-476
1666364038.966523	-478
1666364038.970723	-479
1666364038.975037	-480
1666364038.979028	-481
1666364038.983279	-483
1666364038.987472	-484
1666364038.991648	-485
1666364038.995850	-486
1666364039.000016	-488
1666364039.004150	-489
1666364039.008318	-490
1666364039.012416	-491
1666364039.016728	-493
1666364039.020895	-494
1666364039.025095	-495
1666364039.029094	-496
1666364039.033306	-498
1666364039.037585	-499
1666364039.041795	-500
1666364039.046014	-500
1666364039.048045	-500
1666364039.061703	-499
1666364039.065857	-498
1666364039.069781	-497
1666364039.074103	-496
1666364039.078314	-494
1666364039.082460	-493
1666364039.086586	-492
1666364039.090824	-491
1666364039.094922	-489
1666364039.099333	-488
1666364039.103381	-487
1666364039.107404	-486
1666364039.111764	-484
1666364039.115824	-483
1666364039.119910	-482
1666364039.124138	-481
1666364039.128447	-479
1666364039.132583	-478
1666364039.136764	-477
1666364039.140810	-476
1666364039.145193	-474
1666364039.149331	-473
1666364039.153365	-472
1666364039.157708	-471
1666364039.161776	-469
1666364039.166168	-468
1666364039.170388	-467
1666364039.174558	-465
1666364039.178686	-464
1666364039.182770	-463
1666364039.187135	-462
1666364039.191271	-460
1666364039.195509	-459
1666364039.199669	-458
1666364039.203708	-457
1666364039.208044	-455
1666364039.212237	-454
1666364039.216284	-453
1666364039.220523	-452
1666364039.224835	-450
1666364039.228885	-449
1666364039.233220	-448
1666364039.237395	-446
1666364039.241472	-445
1666364039.245891	-444
1666364039.249965	-443
1666364039.254164	-441
1666364039.258127	-440
1666364039.262460	-439
1666364039.266517	-438
1666364039.270695	-436
1666364039.275050	-435
1666364039.279233	-434
1666364039.283410	-432
1666364039.287446	-431
1666364039.291615	-430
1666364039.296015	-429
1666364039.300207	-427
1666364039.304324	-426
1666364039.308480	-425
1666364039.312603	-423
1666364039.316993	-422
1666364039.321007	-421
1666364039.325307	-419
1666364039.329353	-418
1666364039.333588	-417
1666364039.338003	-416
1666364039.342295	-414
1666364039.346278	-413
1666364039.350410	-412
1666364039.354811	-410
1666364039.358996	-409
1666364039.363203	-408
1666364039.367212	-406
1666364039.371325	-405
1666364039.375712	-404
1666364039.379884	-403
1666364039.383858	-401
1666364039.388223	-400
1666364039.392233	-399
1666364039.396679	-397
1666364039.400890	-396
1666364039.404988	-395
1666364039.409098	-393
1666364039.413183	-392
1666364039.417413	-391
1666364039.421664	-389
1666364039.426059	-388
1666364039.430111	-387
1666364039.434451	-385
1666364039.438566	-384
1666364039.442741	-383
1666364039.446952	-381
1666364039.451007	-380
1666364039.455046	-379
1666364039.459682	-377
1666364039.463408	-376
1666364039.467697	-375
1666364039.471910	-373
1666364039.475995	-372
1666364039.480181	-371
1666364039.484499	-369
1666364039.488754	-368
1666364039.492743	-366
1666364039.496931	-365
1666364039.501318	-364
1666364039.505570	-362
1666364039.509688	-361
1666364039.513670	-360
1666364039.517885	-358
1666364039.522104	-357
1666364039.526491	-356
1666364039.530646	-354
1666364039.534748	-353
1666364039.538820	-351
1666364039.542970	-350
1666364039.547386	-349
1666364039.551613	-347
1666364039.555715	-346
1666364039.559720	-345
1666364039.563900	-343
1666364039.568265	-342
1666364039.572509	-340
1666364039.576451	-339
1666364039.580663	-338
1666364039.584867	-336
1666364039.589061	-335
1666364039.593262	-334
1666364039.597430	-332
1666364039.601595	-331
1666364039.605770	-329
1666364039.610098	-328
1666364039.614288	-327
1666364039.618461	-325
1666364039.622471	-324
1666364039.626640	-322
1666364039.631028	-321
1666364039.635186	-320
1666364039.639402	-318
1666364039.643461	-317
1666364039.647611	-315
1666364039.651950	-314
1666364039.656172	-313
1666364039.660417	-311
1666364039.664433	-310
1666364039.668597	-308
1666364039.672950	-307
1666364039.676923	-306
1666364039.681137	-304
1666364039.685487	-303
1666364039.689623	-301
1666364039.693820	-300
1666364039.697964	-299
1666364039.702218	-297
1666364039.706302	-296
1666364039.710515	-294
1666364039.714777	-293
1666364039.718822	-292
1666364039.723126	-290
1666364039.727159	-289
1666364039.731369	-287
1666364039.735645	-286
1666364039.739822	-285
1666364039.744030	-283
1666364039.748127	-282
1666364039.752271	-280
1666364039.756622	-279
1666364039.760806	-278
1666364039.765018	-276
1666364039.769151	-275
1666364039.773277	-273
1666364039.777766	-272
1666364039.781813	-270
1666364039.786020	-269
1666364039.790076	-268
1666364039.794223	-266
1666364039.798337	-265
1666364039.802730	-263
1666364039.806960	-262
1666364039.811104	-261
1666364039.815187	-259
1666364039.819397	-258
1666364039.823563	-256
1666364039.827666	-255
1666364039.832023	-254
1666364039.836096	-252
1666364039.840245	-251
1666364039.844464	-249
1666364039.848536	-248
1666364039.852772	-246
1666364039.856915	-245
1666364039.861337	-244
1666364039.865364	-242
1666364039.869430	-241
1666364039.873719	-239
1666364039.877769	-238
1666364039.881944	-237
1666364039.886278	-235
1666364039.890316	-234
1666364039.894602	-232
1666364039.898715	-231
1666364039.902836	-230
1666364039.907002	-228
1666364039.911115	-227
1666364039.915488	-225
1666364039.919655	-224
1666364039.923721	-223
1666364039.927952	-221
1666364039.932321	-220
1666364039.936376	-218
1666364039.940583	-217
1666364039.944649	-216
1666364039.948652	-214
1666364039.953129	-213
1666364039.957338	-211
1666364039.961354	-210
1666364039.965579	-209
1666364039.969661	-207
1666364039.973661	-206
1666364039.978113	-204
1666364039.982327	-203
1666364039.986368	-201
1666364039.990566	-200
1666364039.994549	-199
1666364039.998945	-197
1666364040.002852	-196
1666364040.007069	-194
1666364040.011461	-193
1666364040.015457	-192
1666364040.019494	-190
1666364040.023670	-189
1666364040.028020	-188
1666364040.032209	-186
1666364040.036367	-185
1666364040.040348	-183
1666364040.044525	-182
1666364040.048894	-181
1666364040.052878	-179
1666364040.057245	-178
1666364040.061376	-176
1666364040.065486	-175
1666364040.069746	-174
1666364040.073813	-172
1666364040.077916	-171
1666364040.082157	-169
1666364040.086330	-168
1666364040.090442	-167
1666364040.094733	-165
1666364040.098877	-164
1666364040.103017	-163
1666364040.107253	-161
1666364040.111250	-160
1666364040.115390	-158
1666364040.119654	-157
1666364040.123887	-156
1666364040.128068	-154
1666364040.131984	-153
1666364040.136201	-152
1666364040.140411	-150
1666364040.144657	-149
1666364040.148895	-147
1666364040.153089	-146
1666364040.157158	-145
1666364040.161186	-143
1666364040.165454	-142
1666364040.169477	-141
1666364040.173905	-139
1666364040.178107	-138
1666364040.182038	-137
1666364040.186222	-135
1666364040.190404	-134
1666364040.194730	-133
1666364040.198911	-131
1666364040.203007	-130
1666364040.207050	-129
1666364040.211175	-127
1666364040.215574	-126
1666364040.219717	-125
1666364040.223932	-123
1666364040.227927	-122
1666364040.231956	-121
1666364040.236368	-119
1666364040.240367	-118
1666364040.244485	-117
1666364040.248781	-115
1666364040.252997	-114
1666364040.257147	-113
1666364040.261280	-111
1666364040.265469	-110
1666364040.269687	-109
1666364040.273862	-107
1666364040.278008	-106
1666364040.282236	-105
1666364040.286482	-103
1666364040.290619	-102
1666364040.294704	-101
1666364040.298711	-99
1666364040.303199	-98
1666364040.307175	-97
1666364040.311293	-95
1666364040.315463	-94
1666364040.319449	-93
1666364040.323567	-92
1666364040.327675	-90
1666364040.331954	-89
1666364040.335974	-88
1666364040.340148	-86
1666364040.344239	-85
1666364040.348390	-84
1666364040.352522	-83
1666364040.356722	-81
1666364040.360910	-80
1666364040.365014	-79
1666364040.369190	-77
1666364040.373321	-76
1666364040.377434	-75
1666364040.381577	-74
1666364040.385694	-72
1666364040.390000	-71
1666364040.394161	-70
1666364040.398126	-69
1666364040.402343	-67
1666364040.406348	-66
1666364040.410464	-65
1666364040.414626	-63
1666364040.418881	-62
1666364040.422987	-61
1666364040.426972	-60
1666364040.431111	-58
1666364040.435281	-57
1666364040.439371	-56
1666364040.443481	-55
1666364040.447620	-53
1666364040.451921	-52
1666364040.456095	-51
1666364040.460269	-50
1666364040.464201	-48
1666364040.468385	-47
1666364040.472542	-46
1666364040.476784	-45
1666364040.480784	-43
1666364040.485081	-42
1666364040.489196	-41
1666364040.493168	-40
1666364040.497382	-38
1666364040.501589	-37
1666364040.505705	-36
1666364040.509857	-35
1666364040.513868	-33
1666364040.518061	-32
1666364040.522277	-31
1666364040.526480	-30
1666364040.530417	-28
1666364040.534640	-27
1666364040.538909	-26
1666364040.542922	-25
1666364040.547001	-23
1666364040.551128	-22
1666364040.555333	-21
1666364040.559464	-20
1666364040.563610	-18
1666364040.567635	-17
1666364040.571887	-16
1666364040.575904	-15
1666364040.579965	-13
1666364040.584316	-12
1666364040.588335	-11
1666364040.592476	-10
1666364040.596547	-9
1666364040.600704	-7
1666364040.604782	-6
1666364040.608834	-5
1666364040.612809	-4
1666364040.616985	-2
1666364040.620987	-1
1666364040.625108	0
1666364040.629372	0
1666364040.631285	0
