## Values
## High Speed = 1000
## Low Speed = 300
## Acceleration = 3000
## Deceleration = 0
## Position = 0
## Idle Time = 1
## Accel/Decel profile = Sinusoidal
## Dwell time = 0.0
## Length = 500
## Cycles = 3


1666364043.967837	0
1666364043.972017	0
1666364043.974008	0
1666364043.987618	0
1666364043.991482	-2
1666364043.995677	-3
1666364043.999582	-4
1666364044.003774	-5
1666364044.007833	-7
1666364044.011904	-8
1666364044.016170	-9
1666364044.020358	-10
1666364044.024383	-12
1666364044.028405	-13
1666364044.032670	-14
1666364044.036724	-15
1666364044.040809	-17
1666364044.044905	-18
1666364044.049189	-19
1666364044.053256	-20
1666364044.057501	-21
1666364044.061597	-23
1666364044.065611	-24
1666364044.069625	-25
1666364044.073825	-26
1666364044.078069	-28
1666364044.082261	-29
1666364044.086446	-30
1666364044.090530	-31
1666364044.094794	-33
1666364044.098975	-34
1666364044.103148	-35
1666364044.107107	-36
1666364044.111324	-38
1666364044.115434	-39
1666364044.119600	-40
1666364044.123690	-42
1666364044.127863	-43
1666364044.132289	-44
1666364044.136422	-45
1666364044.140535	-47
1666364044.144576	-48
1666364044.148926	-49
1666364044.152848	-50
1666364044.157182	-52
1666364044.161231	-53
1666364044.165185	-54
1666364044.169365	-55
1666364044.173541	-57
1666364044.177871	-58
1666364044.182018	-59
1666364044.186156	-60
1666364044.190266	-62
1666364044.194402	-63
1666364044.198459	-64
1666364044.202532	-66
1666364044.206766	-67
1666364044.210950	-68
1666364044.215145	-69
1666364044.219261	-71
1666364044.223288	-72
1666364044.227479	-73
1666364044.231690	-74
1666364044.235864	-76
1666364044.239998	-77
1666364044.244128	-78
1666364044.248148	-80
1666364044.252210	-81
1666364044.256366	-82
1666364044.260633	-83
1666364044.264954	-85
1666364044.269038	-86
1666364044.273181	-87
1666364044.277167	-89
1666364044.281319	-90
1666364044.285582	-91
1666364044.289796	-93
1666364044.293623	-94
1666364044.297975	-95
1666364044.302021	-96
1666364044.306030	-98
1666364044.310161	-99
1666364044.314387	-100
1666364044.318638	-102
1666364044.322907	-103
1666364044.326941	-104
1666364044.331208	-106
1666364044.335469	-107
1666364044.339645	-108
1666364044.343824	-110
1666364044.347904	-111
1666364044.351929	-112
1666364044.356217	-114
1666364044.360398	-115
1666364044.364601	-116
1666364044.368745	-118
1666364044.372930	-119
1666364044.377083	-120
1666364044.381215	-122
1666364044.385392	-123
1666364044.389606	-124
1666364044.393709	-126
1666364044.397976	-127
1666364044.402076	-129
1666364044.406358	-130
1666364044.410515	-131
1666364044.414502	-133
1666364044.418749	-134
1666364044.422918	-135
1666364044.427093	-137
1666364044.431398	-138
1666364044.435608	-139
1666364044.439637	-141
1666364044.443672	-142
1666364044.447898	-144
1666364044.452031	-145
1666364044.456218	-146
1666364044.460553	-148
1666364044.464558	-149
1666364044.468930	-150
1666364044.473062	-152
1666364044.477067	-153
1666364044.481357	-155
1666364044.485549	-156
1666364044.489520	-157
1666364044.493701	-159
1666364044.498078	-160
1666364044.502298	-162
1666364044.506451	-163
1666364044.510459	-164
1666364044.514583	-166
1666364044.518971	-167
1666364044.523157	-169
1666364044.527272	-170
1666364044.531409	-171
1666364044.535467	-173
1666364044.539830	-174
1666364044.543939	-176
1666364044.548223	-177
1666364044.552352	-178
1666364044.556338	-180
1666364044.560450	-181
1666364044.564855	-183
1666364044.568784	-184
1666364044.573226	-186
1666364044.577293	-187
1666364044.581461	-188
1666364044.585472	-190
1666364044.589666	-191
1666364044.594048	-193
1666364044.598183	-194
1666364044.602211	-195
1666364044.606329	-197
1666364044.610560	-198
1666364044.614840	-200
1666364044.619095	-201
1666364044.623160	-203
1666364044.627239	-204
1666364044.631385	-205
1666364044.635761	-207
1666364044.639967	-208
1666364044.644129	-210
1666364044.648114	-211
1666364044.652321	-213
1666364044.656678	-214
1666364044.660857	-215
1666364044.665016	-217
1666364044.669036	-218
1666364044.673334	-220
1666364044.677329	-221
1666364044.681757	-223
1666364044.685921	-224
1666364044.690039	-225
1666364044.694070	-227
1666364044.698303	-228
1666364044.702717	-230
1666364044.706890	-231
1666364044.710839	-233
1666364044.715102	-234
1666364044.719429	-236
1666364044.723618	-237
1666364044.727818	-238
1666364044.731850	-240
1666364044.735995	-241
1666364044.740104	-243
1666364044.744547	-244
1666364044.748727	-246
1666364044.752810	-247
1666364044.756846	-248
1666364044.761052	-250
1666364044.765531	-251
1666364044.769701	-253
1666364044.773762	-254
1666364044.777764	-256
1666364044.781951	-257
1666364044.786401	-259
1666364044.790594	-260
1666364044.794578	-261
1666364044.798878	-263
1666364044.803315	-264
1666364044.807334	-266
1666364044.811341	-267
1666364044.815658	-269
1666364044.819793	-270
1666364044.824049	-272
1666364044.828334	-273
1666364044.832577	-274
1666364044.836612	-276
1666364044.840795	-277
1666364044.845175	-279
1666364044.849385	-280
1666364044.853539	-282
1666364044.857558	-283
1666364044.861717	-284
1666364044.866138	-286
1666364044.870308	-287
1666364044.874416	-289
1666364044.878466	-290
1666364044.882671	-292
1666364044.887081	-293
1666364044.891212	-295
1666364044.895428	-296
1666364044.899442	-297
1666364044.903633	-299
1666364044.907958	-300
1666364044.912223	-302
1666364044.916157	-303
1666364044.920397	-305
1666364044.924536	-306
1666364044.929106	-307
1666364044.933112	-309
1666364044.937250	-310
1666364044.941301	-312
1666364044.945761	-313
1666364044.949784	-314
1666364044.953978	-316
1666364044.958179	-317
1666364044.962241	-319
1666364044.966468	-320
1666364044.970509	-322
1666364044.974901	-323
1666364044.979114	-324
1666364044.983275	-326
1666364044.987286	-327
1666364044.991650	-329
1666364044.995813	-330
1666364044.999834	-331
1666364045.004133	-333
1666364045.008222	-334
1666364045.012344	-336
1666364045.016758	-337
1666364045.020958	-338
1666364045.025116	-340
1666364045.029094	-341
1666364045.033412	-343
1666364045.037667	-344
1666364045.041934	-345
1666364045.046020	-347
1666364045.050038	-348
1666364045.054224	-350
1666364045.058577	-351
1666364045.062790	-352
1666364045.066988	-354
1666364045.070969	-355
1666364045.075287	-357
1666364045.079562	-358
1666364045.083688	-359
1666364045.087877	-361
1666364045.091900	-362
1666364045.096119	-363
1666364045.100211	-365
1666364045.104377	-366
1666364045.108602	-368
1666364045.113013	-369
1666364045.117039	-370
1666364045.121410	-372
1666364045.125515	-373
1666364045.129666	-374
1666364045.133799	-376
1666364045.137833	-377
1666364045.142076	-378
1666364045.146425	-380
1666364045.150504	-381
1666364045.154580	-383
1666364045.158718	-384
1666364045.162946	-385
1666364045.167346	-387
1666364045.171594	-388
1666364045.175682	-389
1666364045.179677	-391
1666364045.183832	-392
1666364045.188241	-393
1666364045.192432	-395
1666364045.196619	-396
1666364045.200658	-397
1666364045.205033	-399
1666364045.209205	-400
1666364045.213435	-401
1666364045.217602	-403
1666364045.221547	-404
1666364045.225730	-405
1666364045.230071	-407
1666364045.234343	-408
1666364045.238512	-409
1666364045.242497	-410
1666364045.246699	-412
1666364045.250948	-413
1666364045.255240	-414
1666364045.259417	-416
1666364045.263493	-417
1666364045.267860	-418
1666364045.271927	-420
1666364045.276200	-421
1666364045.280373	-422
1666364045.284393	-423
1666364045.288560	-425
1666364045.292868	-426
1666364045.297166	-427
1666364045.301309	-429
1666364045.305372	-430
1666364045.309721	-431
1666364045.313883	-433
1666364045.318132	-434
1666364045.322289	-435
1666364045.326281	-436
1666364045.330473	-438
1666364045.334802	-439
1666364045.339022	-440
1666364045.343187	-442
1666364045.347226	-443
1666364045.351516	-444
1666364045.355696	-445
1666364045.359901	-447
1666364045.364100	-448
1666364045.368278	-449
1666364045.372363	-450
1666364045.376642	-452
1666364045.380620	-453
1666364045.385036	-454
1666364045.389078	-456
1666364045.393212	-457
1666364045.397537	-458
1666364045.401759	-459
1666364045.405934	-461
1666364045.410094	-462
1666364045.414152	-463
1666364045.418320	-464
1666364045.422713	-466
1666364045.426913	-467
1666364045.431023	-468
1666364045.435104	-469
1666364045.439286	-471
1666364045.443646	-472
1666364045.447654	-473
1666364045.451949	-475
1666364045.456013	-476
1666364045.460200	-477
1666364045.464557	-478
1666364045.468742	-480
1666364045.472868	-481
1666364045.476861	-482
1666364045.481283	-483
1666364045.485420	-485
1666364045.489643	-486
1666364045.493824	-487
1666364045.497839	-488
1666364045.501998	-490
1666364045.506053	-491
1666364045.510245	-492
1666364045.514720	-493
1666364045.518788	-495
1666364045.522845	-496
1666364045.527021	-497
1666364045.531369	-498
1666364045.535521	-500
1666364045.539985	-500
1666364045.541868	-500
1666364045.555690	-499
1666364045.559591	-498
1666364045.563702	-497
1666364045.568047	-496
1666364045.572184	-494
1666364045.576155	-493
1666364045.580504	-492
1666364045.584571	-491
1666364045.588712	-489
1666364045.593018	-488
1666364045.597254	-487
1666364045.601572	-486
1666364045.605494	-484
1666364045.609601	-483
1666364045.613823	-482
1666364045.618167	-481
1666364045.622334	-479
1666364045.626459	-478
1666364045.630527	-477
1666364045.634871	-476
1666364045.638907	-474
1666364045.643268	-473
1666364045.647448	-472
1666364045.651555	-471
1666364045.655879	-469
1666364045.660094	-468
1666364045.664296	-467
1666364045.668410	-465
1666364045.672572	-464
1666364045.676883	-463
1666364045.681074	-462
1666364045.685016	-460
1666364045.689296	-459
1666364045.693389	-458
1666364045.697550	-457
1666364045.701946	-455
1666364045.706177	-454
1666364045.710254	-453
1666364045.714537	-451
1666364045.718798	-450
1666364045.722933	-449
1666364045.727140	-448
1666364045.731182	-446
1666364045.735327	-445
1666364045.739507	-444
1666364045.743846	-443
1666364045.748032	-441
1666364045.752145	-440
1666364045.756209	-439
1666364045.760363	-437
1666364045.764754	-436
1666364045.769023	-435
1666364045.773152	-434
1666364045.777175	-432
1666364045.781611	-431
1666364045.785801	-430
1666364045.789989	-428
1666364045.794049	-427
1666364045.798464	-426
1666364045.802372	-425
1666364045.806718	-423
1666364045.810927	-422
1666364045.815025	-421
1666364045.819058	-419
1666364045.823567	-418
1666364045.827684	-417
1666364045.831871	-415
1666364045.835925	-414
1666364045.840028	-413
1666364045.844307	-411
1666364045.848621	-410
1666364045.852826	-409
1666364045.856888	-408
1666364045.861049	-406
1666364045.865348	-405
1666364045.869556	-404
1666364045.873701	-402
1666364045.877809	-401
1666364045.881975	-400
1666364045.886171	-398
1666364045.890527	-397
1666364045.894738	-396
1666364045.898723	-394
1666364045.902930	-393
1666364045.907307	-392
1666364045.911526	-390
1666364045.915671	-389
1666364045.919703	-388
1666364045.923850	-386
1666364045.928218	-385
1666364045.932407	-384
1666364045.936600	-382
1666364045.940659	-381
1666364045.944885	-380
1666364045.948912	-378
1666364045.953372	-377
1666364045.957586	-375
1666364045.961637	-374
1666364045.965790	-373
1666364045.970032	-371
1666364045.974294	-370
1666364045.978443	-369
1666364045.982494	-367
1666364045.986606	-366
1666364045.990812	-365
1666364045.995264	-363
1666364045.999377	-362
1666364046.003487	-360
1666364046.007632	-359
1666364046.011754	-358
1666364046.016119	-356
1666364046.020297	-355
1666364046.024381	-353
1666364046.028416	-352
1666364046.032789	-351
1666364046.037017	-349
1666364046.041210	-348
1666364046.045395	-347
1666364046.049352	-345
1666364046.053581	-344
1666364046.057953	-342
1666364046.062157	-341
1666364046.066301	-340
1666364046.070338	-338
1666364046.074516	-337
1666364046.078882	-335
1666364046.083105	-334
1666364046.087313	-333
1666364046.091538	-331
1666364046.095629	-330
1666364046.099856	-328
1666364046.103773	-327
1666364046.108145	-325
1666364046.112213	-324
1666364046.116527	-323
1666364046.120764	-321
1666364046.124992	-320
1666364046.129203	-318
1666364046.133189	-317
1666364046.137320	-316
1666364046.141717	-314
1666364046.145869	-313
1666364046.150101	-311
1666364046.154133	-310
1666364046.158406	-308
1666364046.162531	-307
1666364046.166800	-306
1666364046.171004	-304
1666364046.175056	-303
1666364046.179499	-301
1666364046.183576	-300
1666364046.187764	-298
1666364046.192001	-297
1666364046.195954	-296
1666364046.200187	-294
1666364046.204529	-293
1666364046.208721	-291
1666364046.212949	-290
1666364046.216947	-288
1666364046.221159	-287
1666364046.225579	-286
1666364046.229692	-284
1666364046.233898	-283
1666364046.237905	-281
1666364046.242095	-280
1666364046.246486	-278
1666364046.250627	-277
1666364046.254773	-275
1666364046.258835	-274
1666364046.263265	-273
1666364046.267421	-271
1666364046.271551	-270
1666364046.275734	-268
1666364046.279840	-267
1666364046.284147	-265
1666364046.288468	-264
1666364046.292679	-263
1666364046.296687	-261
1666364046.300844	-260
1666364046.305272	-258
1666364046.309452	-257
1666364046.313651	-255
1666364046.317697	-254
1666364046.321837	-252
1666364046.326118	-251
1666364046.330371	-250
1666364046.334571	-248
1666364046.338607	-247
1666364046.342784	-245
1666364046.346962	-244
1666364046.351076	-242
1666364046.355498	-241
1666364046.359555	-240
1666364046.363561	-238
1666364046.367947	-237
1666364046.372169	-235
1666364046.376369	-234
1666364046.380509	-232
1666364046.384493	-231
1666364046.388660	-229
1666364046.393119	-228
1666364046.397284	-227
1666364046.401410	-225
1666364046.405404	-224
1666364046.409596	-222
1666364046.414012	-221
1666364046.418174	-219
1666364046.422297	-218
1666364046.426327	-217
1666364046.430433	-215
1666364046.434607	-214
1666364046.439054	-212
1666364046.443230	-211
1666364046.447264	-209
1666364046.451404	-208
1666364046.455509	-207
1666364046.459924	-205
1666364046.464172	-204
1666364046.468268	-202
1666364046.472297	-201
1666364046.476618	-199
1666364046.480710	-198
1666364046.485008	-197
1666364046.489161	-195
1666364046.493155	-194
1666364046.497233	-192
1666364046.501439	-191
1666364046.505568	-189
1666364046.509982	-188
1666364046.514147	-187
1666364046.518139	-185
1666364046.522230	-184
1666364046.526564	-182
1666364046.530688	-181
1666364046.534757	-180
1666364046.539033	-178
1666364046.543100	-177
1666364046.547264	-175
1666364046.551416	-174
1666364046.555824	-173
1666364046.559814	-171
1666364046.564006	-170
1666364046.568078	-168
1666364046.572368	-167
1666364046.576630	-166
1666364046.580792	-164
1666364046.584796	-163
1666364046.588942	-161
1666364046.593329	-160
1666364046.597427	-159
1666364046.601646	-157
1666364046.605816	-156
1666364046.609875	-154
1666364046.613971	-153
1666364046.618344	-152
1666364046.622348	-150
1666364046.626683	-149
1666364046.630784	-147
1666364046.634811	-146
1666364046.638995	-145
1666364046.643349	-143
1666364046.647647	-142
1666364046.651670	-141
1666364046.655630	-139
1666364046.659745	-138
1666364046.663994	-136
1666364046.668364	-135
1666364046.672339	-134
1666364046.676673	-132
1666364046.680690	-131
1666364046.684858	-130
1666364046.689160	-128
1666364046.693334	-127
1666364046.697588	-126
1666364046.701584	-124
1666364046.705583	-123
1666364046.709815	-121
1666364046.714088	-120
1666364046.718378	-119
1666364046.722498	-117
1666364046.726537	-116
1666364046.730651	-115
1666364046.734970	-113
1666364046.739174	-112
1666364046.743335	-111
1666364046.747241	-109
1666364046.751489	-108
1666364046.755623	-107
1666364046.759954	-105
1666364046.763929	-104
1666364046.768343	-103
1666364046.772387	-101
1666364046.776471	-100
1666364046.780775	-99
1666364046.785027	-97
1666364046.789131	-96
1666364046.793303	-95
1666364046.797399	-94
1666364046.801379	-92
1666364046.805591	-91
1666364046.809833	-90
1666364046.813913	-88
1666364046.817812	-87
1666364046.822191	-86
1666364046.826308	-85
1666364046.830296	-83
1666364046.834425	-82
1666364046.838800	-81
1666364046.842879	-79
1666364046.847087	-78
1666364046.851215	-77
1666364046.855094	-76
1666364046.859318	-74
1666364046.863440	-73
1666364046.867813	-72
1666364046.871664	-70
1666364046.876033	-69
1666364046.880164	-68
1666364046.884167	-67
1666364046.888538	-65
1666364046.892574	-64
1666364046.896572	-63
1666364046.900893	-61
1666364046.905027	-60
1666364046.909067	-59
1666364046.913021	-58
1666364046.917171	-56
1666364046.921382	-55
1666364046.925583	-54
1666364046.929785	-53
1666364046.933975	-51
1666364046.937971	-50
1666364046.941980	-49
1666364046.946083	-48
1666364046.950277	-46
1666364046.954643	-45
1666364046.958654	-44
1666364046.962868	-43
1666364046.966932	-41
1666364046.970963	-40
1666364046.975243	-39
1666364046.979423	-38
1666364046.983340	-36
1666364046.987697	-35
1666364046.991826	-34
1666364046.995812	-33
1666364046.999887	-31
1666364047.004105	-30
1666364047.008433	-29
1666364047.012644	-28
1666364047.016789	-26
1666364047.020819	-25
1666364047.024785	-24
1666364047.029056	-23
1666364047.033081	-21
1666364047.037126	-20
1666364047.041600	-19
1666364047.045647	-18
1666364047.049661	-16
1666364047.053715	-15
1666364047.057889	-14
1666364047.062024	-13
1666364047.066161	-11
1666364047.070174	-10
1666364047.074249	-9
1666364047.078387	-8
1666364047.082546	-7
1666364047.086555	-5
1666364047.090681	-4
1666364047.094870	-3
1666364047.098893	-2
1666364047.102833	0
1666364047.107426	0
1666364047.109356	0
1666364047.111306	0
1666364047.115466	0
1666364047.117460	0
1666364047.130822	-1
1666364047.135028	-2
1666364047.138873	-3
1666364047.143049	-4
1666364047.147167	-5
1666364047.151214	-7
1666364047.155342	-8
1666364047.159364	-9
1666364047.163464	-10
1666364047.167645	-12
1666364047.171728	-13
1666364047.176023	-14
1666364047.180180	-15
1666364047.184339	-17
1666364047.188275	-18
1666364047.192378	-19
1666364047.196722	-20
1666364047.200803	-22
1666364047.204988	-23
1666364047.209102	-24
1666364047.213221	-25
1666364047.217259	-27
1666364047.221528	-28
1666364047.225685	-29
1666364047.229639	-30
1666364047.234005	-32
1666364047.238118	-33
1666364047.242151	-34
1666364047.246336	-35
1666364047.250451	-37
1666364047.254739	-38
1666364047.258893	-39
1666364047.262988	-40
1666364047.267091	-42
1666364047.271068	-43
1666364047.275212	-44
1666364047.279552	-45
1666364047.283713	-47
1666364047.287857	-48
1666364047.292058	-49
1666364047.296047	-50
1666364047.300025	-52
1666364047.304253	-53
1666364047.308493	-54
1666364047.312696	-55
1666364047.316832	-57
1666364047.320874	-58
1666364047.324911	-59
1666364047.328989	-60
1666364047.333242	-62
1666364047.337412	-63
1666364047.341595	-64
1666364047.345743	-66
1666364047.349868	-67
1666364047.353903	-68
1666364047.357951	-69
1666364047.362181	-71
1666364047.366442	-72
1666364047.370683	-73
1666364047.374830	-74
1666364047.378850	-76
1666364047.382847	-77
1666364047.387024	-78
1666364047.391310	-80
1666364047.395562	-81
1666364047.399650	-82
1666364047.403779	-84
1666364047.407740	-85
1666364047.411813	-86
1666364047.416179	-87
1666364047.420285	-89
1666364047.424478	-90
1666364047.428581	-91
1666364047.432636	-93
1666364047.436684	-94
1666364047.440819	-95
1666364047.445157	-96
1666364047.449106	-98
1666364047.453491	-99
1666364047.457640	-100
1666364047.461594	-102
1666364047.465797	-103
1666364047.470202	-104
1666364047.474251	-106
1666364047.478342	-107
1666364047.482505	-108
1666364047.486706	-110
1666364047.490854	-111
1666364047.494969	-112
1666364047.499133	-114
1666364047.503361	-115
1666364047.507489	-116
1666364047.511640	-118
1666364047.515810	-119
1666364047.520009	-120
1666364047.524190	-122
1666364047.528389	-123
1666364047.532542	-124
1666364047.536685	-126
1666364047.540882	-127
1666364047.545221	-129
1666364047.549328	-130
1666364047.553508	-131
1666364047.557708	-133
1666364047.561904	-134
1666364047.566046	-135
1666364047.570156	-137
1666364047.574242	-138
1666364047.578357	-139
1666364047.582577	-141
1666364047.586914	-142
1666364047.591084	-144
1666364047.595187	-145
1666364047.599200	-146
1666364047.603383	-148
1666364047.607780	-149
1666364047.611954	-151
1666364047.616090	-152
1666364047.620143	-153
1666364047.624393	-155
1666364047.628544	-156
1666364047.632581	-157
1666364047.636993	-159
1666364047.641085	-160
1666364047.645100	-162
1666364047.649565	-163
1666364047.653665	-164
1666364047.657906	-166
1666364047.662032	-167
1666364047.666227	-169
1666364047.670195	-170
1666364047.674426	-171
1666364047.678658	-173
1666364047.682821	-174
1666364047.686958	-176
1666364047.691205	-177
1666364047.695178	-178
1666364047.699596	-180
1666364047.703727	-181
1666364047.707921	-183
1666364047.711909	-184
1666364047.716241	-186
1666364047.720346	-187
1666364047.724581	-188
1666364047.728754	-190
1666364047.732707	-191
1666364047.736886	-193
1666364047.741270	-194
1666364047.745209	-195
1666364047.749382	-197
1666364047.753807	-198
1666364047.757941	-200
1666364047.762151	-201
1666364047.766274	-203
1666364047.770453	-204
1666364047.774615	-205
1666364047.778676	-207
1666364047.782791	-208
1666364047.787124	-210
1666364047.791380	-211
1666364047.795491	-213
1666364047.799615	-214
1666364047.803684	-215
1666364047.808057	-217
1666364047.812219	-218
1666364047.816415	-220
1666364047.820571	-221
1666364047.824583	-223
1666364047.828958	-224
1666364047.833166	-225
1666364047.837349	-227
1666364047.841326	-228
1666364047.845519	-230
1666364047.849755	-231
1666364047.853914	-233
1666364047.858261	-234
1666364047.862456	-236
1666364047.866491	-237
1666364047.870666	-238
1666364047.874967	-240
1666364047.879147	-241
1666364047.883316	-243
1666364047.887411	-244
1666364047.891526	-246
1666364047.895854	-247
1666364047.899899	-248
1666364047.904141	-250
1666364047.908257	-251
1666364047.912576	-253
1666364047.916690	-254
1666364047.920889	-256
1666364047.925138	-257
1666364047.929217	-259
1666364047.933411	-260
1666364047.937610	-261
1666364047.941921	-263
1666364047.945985	-264
1666364047.950205	-266
1666364047.954458	-267
1666364047.958627	-269
1666364047.962911	-270
1666364047.967166	-272
1666364047.971340	-273
1666364047.975425	-274
1666364047.979757	-276
1666364047.983968	-277
1666364047.988100	-279
1666364047.992293	-280
1666364047.996538	-282
1666364048.000693	-283
1666364048.004933	-284
1666364048.008933	-286
1666364048.013144	-287
1666364048.017498	-289
1666364048.021661	-290
1666364048.025842	-292
1666364048.029975	-293
1666364048.034124	-295
1666364048.038427	-296
1666364048.042599	-297
1666364048.046777	-299
1666364048.050959	-300
1666364048.055054	-302
1666364048.059371	-303
1666364048.063567	-305
1666364048.067733	-306
1666364048.071908	-307
1666364048.075958	-309
1666364048.080103	-310
1666364048.084387	-312
1666364048.088617	-313
1666364048.092849	-314
1666364048.096892	-316
1666364048.101265	-317
1666364048.105391	-319
1666364048.109474	-320
1666364048.113645	-322
1666364048.117748	-323
1666364048.122222	-324
1666364048.126238	-326
1666364048.130327	-327
1666364048.134616	-329
1666364048.138689	-330
1666364048.142845	-331
1666364048.147036	-333
1666364048.151346	-334
1666364048.155444	-336
1666364048.159662	-337
1666364048.163780	-338
1666364048.168048	-340
1666364048.172161	-341
1666364048.176361	-343
1666364048.180565	-344
1666364048.184709	-345
1666364048.188894	-347
1666364048.193197	-348
1666364048.197229	-350
1666364048.201413	-351
1666364048.205636	-352
1666364048.209949	-354
1666364048.214126	-355
1666364048.218301	-357
1666364048.222391	-358
1666364048.226512	-359
1666364048.230776	-361
1666364048.234933	-362
1666364048.239058	-363
1666364048.243229	-365
1666364048.247524	-366
1666364048.251752	-368
1666364048.255823	-369
1666364048.260117	-370
1666364048.264288	-372
1666364048.268329	-373
1666364048.272525	-374
1666364048.276795	-376
1666364048.280948	-377
1666364048.285173	-378
1666364048.289245	-380
1666364048.293592	-381
1666364048.297747	-383
1666364048.301937	-384
1666364048.306026	-385
1666364048.310232	-387
1666364048.314431	-388
1666364048.318548	-389
1666364048.322754	-391
1666364048.327043	-392
1666364048.331180	-393
1666364048.335223	-395
1666364048.339498	-396
1666364048.343737	-397
1666364048.348010	-399
1666364048.352101	-400
1666364048.356270	-401
1666364048.360567	-403
1666364048.364640	-404
1666364048.368909	-405
1666364048.372993	-407
1666364048.377134	-408
1666364048.381488	-409
1666364048.385516	-410
1666364048.389914	-412
1666364048.393982	-413
1666364048.398030	-414
1666364048.402408	-416
1666364048.406548	-417
1666364048.410603	-418
1666364048.414941	-420
1666364048.419031	-421
1666364048.423345	-422
1666364048.427533	-423
1666364048.431716	-425
1666364048.435909	-426
1666364048.439995	-427
1666364048.444158	-429
1666364048.448507	-430
1666364048.452646	-431
1666364048.456804	-433
1666364048.460964	-434
1666364048.465232	-435
1666364048.469326	-436
1666364048.473619	-438
1666364048.477768	-439
1666364048.481800	-440
1666364048.485990	-442
1666364048.490356	-443
1666364048.494445	-444
1666364048.498670	-445
1666364048.502680	-447
1666364048.506964	-448
1666364048.511164	-449
1666364048.515315	-450
1666364048.519428	-452
1666364048.523660	-453
1666364048.528022	-454
1666364048.532142	-456
1666364048.536173	-457
1666364048.540640	-458
1666364048.544664	-459
1666364048.548807	-461
1666364048.552911	-462
1666364048.557159	-463
1666364048.561365	-464
1666364048.565546	-466
1666364048.569660	-467
1666364048.573891	-468
1666364048.578040	-469
1666364048.582341	-471
1666364048.586519	-472
1666364048.590661	-473
1666364048.594957	-475
1666364048.599137	-476
1666364048.603268	-477
1666364048.607511	-478
1666364048.611597	-480
1666364048.615769	-481
1666364048.619922	-482
1666364048.624062	-483
1666364048.628369	-485
1666364048.632434	-486
1666364048.636637	-487
1666364048.640852	-488
1666364048.645106	-490
1666364048.649139	-491
1666364048.653379	-492
1666364048.657742	-493
1666364048.661907	-495
1666364048.666008	-496
1666364048.670013	-497
1666364048.674243	-498
1666364048.678360	-500
1666364048.682987	-500
1666364048.685051	-500
1666364048.698411	-499
1666364048.702541	-498
1666364048.706885	-497
1666364048.711006	-496
1666364048.715099	-494
1666364048.719306	-493
1666364048.723550	-492
1666364048.727741	-491
1666364048.731966	-489
1666364048.736196	-488
1666364048.740163	-487
1666364048.744377	-486
1666364048.748790	-484
1666364048.752841	-483
1666364048.757101	-482
1666364048.761127	-481
1666364048.765198	-479
1666364048.769388	-478
1666364048.773790	-477
1666364048.777907	-476
1666364048.782024	-474
1666364048.786056	-473
1666364048.790304	-472
1666364048.794693	-471
1666364048.798932	-469
1666364048.802955	-468
1666364048.807083	-467
1666364048.811306	-465
1666364048.815727	-464
1666364048.819890	-463
1666364048.823961	-462
1666364048.828072	-460
1666364048.832603	-459
1666364048.836489	-458
1666364048.840821	-457
1666364048.844867	-455
1666364048.849018	-454
1666364048.853253	-453
1666364048.857559	-451
1666364048.861812	-450
1666364048.865782	-449
1666364048.869942	-448
1666364048.874100	-446
1666364048.878555	-445
1666364048.882884	-444
1666364048.886719	-443
1666364048.891011	-441
1666364048.895164	-440
1666364048.899361	-439
1666364048.903617	-437
1666364048.907724	-436
1666364048.911820	-435
1666364048.916093	-434
1666364048.920444	-432
1666364048.924660	-431
1666364048.928639	-430
1666364048.932899	-428
1666364048.937156	-427
1666364048.941318	-426
1666364048.945501	-425
1666364048.949575	-423
1666364048.953721	-422
1666364048.958025	-421
1666364048.962308	-419
1666364048.966517	-418
1666364048.970529	-417
1666364048.974673	-415
1666364048.978980	-414
1666364048.983222	-413
1666364048.987425	-411
1666364048.991406	-410
1666364048.995765	-409
1666364049.000082	-408
1666364049.004169	-406
1666364049.008367	-405
1666364049.012397	-404
1666364049.016526	-402
1666364049.020872	-401
1666364049.025230	-400
1666364049.029316	-398
1666364049.033401	-397
1666364049.037672	-396
1666364049.041804	-394
1666364049.046107	-393
1666364049.050261	-392
1666364049.054313	-390
1666364049.058665	-389
1666364049.062824	-388
1666364049.067055	-386
1666364049.071214	-385
1666364049.075227	-384
1666364049.079423	-382
1666364049.083678	-381
1666364049.087940	-380
1666364049.092144	-378
1666364049.096167	-377
1666364049.100312	-375
1666364049.104496	-374
1666364049.108920	-373
1666364049.113087	-371
1666364049.117112	-370
1666364049.121245	-369
1666364049.125444	-367
1666364049.129623	-366
1666364049.133981	-365
1666364049.138040	-363
1666364049.142202	-362
1666364049.146410	-360
1666364049.150663	-359
1666364049.154855	-358
1666364049.158968	-356
1666364049.163103	-355
1666364049.167324	-354
1666364049.171425	-352
1666364049.175820	-351
1666364049.179951	-349
1666364049.183988	-348
1666364049.188438	-347
1666364049.192611	-345
1666364049.196724	-344
1666364049.200895	-342
1666364049.204949	-341
1666364049.209106	-340
1666364049.213526	-338
1666364049.217541	-337
1666364049.221775	-335
1666364049.225905	-334
1666364049.230276	-333
1666364049.234392	-331
1666364049.238595	-330
1666364049.242697	-328
1666364049.246811	-327
1666364049.251231	-325
1666364049.255357	-324
1666364049.259529	-323
1666364049.263558	-321
1666364049.267763	-320
1666364049.271944	-318
1666364049.276242	-317
1666364049.280505	-316
1666364049.284626	-314
1666364049.288670	-313
1666364049.292944	-311
1666364049.297249	-310
1666364049.301403	-308
1666364049.305581	-307
1666364049.309582	-306
1666364049.313766	-304
1666364049.317970	-303
1666364049.322313	-301
1666364049.326504	-300
1666364049.330556	-298
1666364049.334749	-297
1666364049.339111	-296
1666364049.343322	-294
1666364049.347495	-293
1666364049.351512	-291
1666364049.355674	-290
1666364049.360027	-288
1666364049.364227	-287
1666364049.368382	-286
1666364049.372472	-284
1666364049.376697	-283
1666364049.380985	-281
1666364049.385069	-280
1666364049.389379	-278
1666364049.393405	-277
1666364049.397688	-276
1666364049.402045	-274
1666364049.406247	-273
1666364049.410264	-271
1666364049.414566	-270
1666364049.418593	-268
1666364049.422903	-267
1666364049.427292	-265
1666364049.431313	-264
1666364049.435572	-263
1666364049.439785	-261
1666364049.444019	-260
1666364049.448115	-258
1666364049.452238	-257
1666364049.456585	-255
1666364049.460794	-254
1666364049.464994	-252
1666364049.469173	-251
1666364049.473144	-250
1666364049.477525	-248
1666364049.481731	-247
1666364049.485903	-245
1666364049.490081	-244
1666364049.494040	-242
1666364049.498291	-241
1666364049.502465	-240
1666364049.506819	-238
1666364049.511041	-237
1666364049.515096	-235
1666364049.519267	-234
1666364049.523420	-232
1666364049.527676	-231
1666364049.531903	-229
1666364049.536055	-228
1666364049.540128	-227
1666364049.544297	-225
1666364049.548647	-224
1666364049.552845	-222
1666364049.556997	-221
1666364049.561014	-219
1666364049.565184	-218
1666364049.569289	-217
1666364049.573726	-215
1666364049.577860	-214
1666364049.581911	-212
1666364049.586043	-211
1666364049.590139	-209
1666364049.594528	-208
1666364049.598719	-207
1666364049.602696	-205
1666364049.607270	-204
1666364049.611269	-202
1666364049.615449	-201
1666364049.619626	-199
1666364049.623784	-198
1666364049.627763	-197
1666364049.631895	-195
1666364049.636306	-194
1666364049.640242	-192
1666364049.644609	-191
1666364049.648668	-189
1666364049.652797	-188
1666364049.657105	-187
1666364049.661218	-185
1666364049.665432	-184
1666364049.669569	-182
1666364049.673604	-181
1666364049.677849	-180
1666364049.682066	-178
1666364049.686223	-177
1666364049.690435	-175
1666364049.694391	-174
1666364049.698586	-173
1666364049.702740	-171
1666364049.707036	-170
1666364049.711214	-168
1666364049.715347	-167
1666364049.719490	-166
1666364049.723732	-164
1666364049.727879	-163
1666364049.731933	-161
1666364049.736236	-160
1666364049.740443	-159
1666364049.744457	-157
1666364049.748811	-156
1666364049.752987	-154
1666364049.757148	-153
1666364049.761116	-152
1666364049.765376	-150
1666364049.769480	-149
1666364049.773908	-147
1666364049.778000	-146
1666364049.782126	-145
1666364049.786316	-143
1666364049.790270	-142
1666364049.794447	-141
1666364049.798795	-139
1666364049.802942	-138
1666364049.806926	-136
1666364049.811222	-135
1666364049.815433	-134
1666364049.819598	-132
1666364049.823743	-131
1666364049.827900	-130
1666364049.832064	-128
1666364049.836130	-127
1666364049.840324	-126
1666364049.844519	-124
1666364049.848743	-123
1666364049.852790	-121
1666364049.857077	-120
1666364049.861096	-119
1666364049.865499	-117
1666364049.869561	-116
1666364049.873748	-115
1666364049.877903	-113
1666364049.881891	-112
1666364049.886197	-111
1666364049.890452	-109
1666364049.894582	-108
1666364049.898763	-107
1666364049.902979	-105
1666364049.907014	-104
1666364049.911286	-103
1666364049.915448	-101
1666364049.919500	-100
1666364049.923749	-99
1666364049.927891	-97
1666364049.931926	-96
1666364049.936154	-95
1666364049.940230	-94
1666364049.944558	-92
1666364049.948637	-91
1666364049.952829	-90
1666364049.956867	-88
1666364049.960860	-87
1666364049.964963	-86
1666364049.969293	-85
1666364049.973411	-83
1666364049.977632	-82
1666364049.981715	-81
1666364049.985796	-79
1666364049.989829	-78
1666364049.994006	-77
1666364049.998256	-76
1666364050.002477	-74
1666364050.006615	-73
1666364050.010524	-72
1666364050.014688	-70
1666364050.018816	-69
1666364050.023031	-68
1666364050.027297	-67
1666364050.031439	-65
1666364050.035607	-64
1666364050.039537	-63
1666364050.043664	-61
1666364050.047996	-60
1666364050.052027	-59
1666364050.056027	-58
1666364050.060331	-56
1666364050.064317	-55
1666364050.068510	-54
1666364050.072595	-53
1666364050.076661	-51
1666364050.080827	-50
1666364050.084923	-49
1666364050.089403	-48
1666364050.093431	-46
1666364050.097410	-45
1666364050.101533	-44
1666364050.105847	-43
1666364050.109977	-41
1666364050.114087	-40
1666364050.118115	-39
1666364050.122242	-38
1666364050.126383	-36
1666364050.130487	-35
1666364050.134787	-34
1666364050.138946	-33
1666364050.143037	-31
1666364050.147245	-30
1666364050.151297	-29
1666364050.155360	-28
1666364050.159663	-26
1666364050.163632	-25
1666364050.167891	-24
1666364050.171907	-23
1666364050.176153	-21
1666364050.180146	-20
1666364050.184227	-19
1666364050.188489	-18
1666364050.192597	-16
1666364050.196818	-15
1666364050.200936	-14
1666364050.205007	-13
1666364050.209211	-11
1666364050.213147	-10
1666364050.217238	-9
1666364050.221337	-8
1666364050.225395	-7
1666364050.229654	-5
1666364050.233600	-4
1666364050.237678	-3
1666364050.241762	-2
1666364050.246028	0
1666364050.250281	0
1666364050.252201	0
1666364050.254105	0
1666364050.258391	0
1666364050.260442	0
1666364050.273756	-1
1666364050.278146	-2
1666364050.281902	-3
1666364050.286023	-4
1666364050.290073	-5
1666364050.294281	-7
1666364050.298381	-8
1666364050.302463	-9
1666364050.306440	-10
1666364050.310704	-12
1666364050.314825	-13
1666364050.318898	-14
1666364050.323034	-15
1666364050.327128	-17
1666364050.331423	-18
1666364050.335564	-19
1666364050.339715	-20
1666364050.343816	-22
1666364050.347804	-23
1666364050.351895	-24
1666364050.356229	-25
1666364050.360383	-27
1666364050.364538	-28
1666364050.368710	-29
1666364050.372835	-30
1666364050.376844	-32
1666364050.380918	-33
1666364050.385178	-34
1666364050.389465	-35
1666364050.393606	-37
1666364050.397709	-38
1666364050.401705	-39
1666364050.406175	-40
1666364050.410197	-42
1666364050.414466	-43
1666364050.418484	-44
1666364050.422603	-45
1666364050.426676	-47
1666364050.430624	-48
1666364050.434990	-49
1666364050.439179	-50
1666364050.443297	-52
1666364050.447447	-53
1666364050.451593	-54
1666364050.455637	-55
1666364050.459641	-57
1666364050.463776	-58
1666364050.467874	-59
1666364050.472220	-60
1666364050.476286	-62
1666364050.480533	-63
1666364050.484444	-64
1666364050.488595	-66
1666364050.492729	-67
1666364050.497100	-68
1666364050.501203	-69
1666364050.505299	-71
1666364050.509429	-72
1666364050.513393	-73
1666364050.517558	-74
1666364050.521751	-76
1666364050.526004	-77
1666364050.530066	-78
1666364050.534340	-80
1666364050.538372	-81
1666364050.542537	-82
1666364050.546788	-83
1666364050.550845	-85
1666364050.555078	-86
1666364050.559260	-87
1666364050.563248	-89
1666364050.567252	-90
1666364050.571385	-91
1666364050.575695	-93
1666364050.579887	-94
1666364050.583998	-95
1666364050.588116	-96
1666364050.592194	-98
1666364050.596378	-99
1666364050.600399	-100
1666364050.604798	-102
1666364050.608969	-103
1666364050.613131	-104
1666364050.617158	-106
1666364050.621336	-107
1666364050.625683	-108
1666364050.629852	-110
1666364050.634033	-111
1666364050.637978	-112
1666364050.642176	-114
1666364050.646544	-115
1666364050.650696	-116
1666364050.654821	-118
1666364050.659061	-119
1666364050.663020	-120
1666364050.667197	-122
1666364050.671549	-123
1666364050.675746	-124
1666364050.679916	-126
1666364050.683947	-127
1666364050.688081	-129
1666364050.692293	-130
1666364050.696574	-131
1666364050.700764	-133
1666364050.704881	-134
1666364050.708893	-135
1666364050.713246	-137
1666364050.717239	-138
1666364050.721607	-139
1666364050.725765	-141
1666364050.729870	-142
1666364050.733905	-144
1666364050.738281	-145
1666364050.742412	-146
1666364050.746583	-148
1666364050.750761	-149
1666364050.754759	-151
1666364050.759135	-152
1666364050.763251	-153
1666364050.767514	-155
1666364050.771624	-156
1666364050.775691	-157
1666364050.779752	-159
1666364050.783987	-160
1666364050.788153	-162
1666364050.792541	-163
1666364050.796669	-164
1666364050.800653	-166
1666364050.804843	-167
1666364050.809036	-169
1666364050.813280	-170
1666364050.817501	-171
1666364050.821675	-173
1666364050.825676	-174
1666364050.830018	-176
1666364050.834222	-177
1666364050.838184	-178
1666364050.842355	-180
1666364050.846529	-181
1666364050.850702	-183
1666364050.855057	-184
1666364050.859051	-186
1666364050.863388	-187
1666364050.867455	-188
1666364050.871526	-190
1666364050.875715	-191
1666364050.880092	-193
1666364050.884097	-194
1666364050.888412	-195
1666364050.892421	-197
1666364050.896568	-198
1666364050.900825	-200
1666364050.905125	-201
1666364050.909307	-203
1666364050.913310	-204
1666364050.917560	-205
1666364050.921649	-207
1666364050.925956	-208
1666364050.930121	-210
1666364050.934275	-211
1666364050.938366	-213
1666364050.942637	-214
1666364050.946852	-215
1666364050.951104	-217
1666364050.955198	-218
1666364050.959257	-220
1666364050.963464	-221
1666364050.967863	-223
1666364050.971986	-224
1666364050.975997	-225
1666364050.980135	-227
1666364050.984471	-228
1666364050.988650	-230
1666364050.992697	-231
1666364050.997162	-233
1666364051.001055	-234
1666364051.005321	-236
1666364051.009668	-237
1666364051.013849	-238
1666364051.017999	-240
1666364051.022036	-241
1666364051.026370	-243
1666364051.030436	-244
1666364051.034767	-246
1666364051.038918	-247
1666364051.042995	-248
1666364051.047420	-250
1666364051.051541	-251
1666364051.055680	-253
1666364051.059889	-254
1666364051.063938	-256
1666364051.068408	-257
1666364051.072313	-259
1666364051.076416	-260
1666364051.080830	-261
1666364051.084930	-263
1666364051.089350	-264
1666364051.093373	-266
1666364051.097577	-267
1666364051.101757	-269
1666364051.105811	-270
1666364051.109968	-272
1666364051.114381	-273
1666364051.118607	-274
1666364051.122746	-276
1666364051.126771	-277
1666364051.130960	-279
1666364051.135365	-280
1666364051.139546	-282
1666364051.143710	-283
1666364051.147746	-284
1666364051.151913	-286
1666364051.156334	-287
1666364051.160436	-289
1666364051.164704	-290
1666364051.168659	-292
1666364051.172880	-293
1666364051.177243	-295
1666364051.181420	-296
1666364051.185602	-297
1666364051.189633	-299
1666364051.194001	-300
1666364051.198026	-302
1666364051.202388	-303
1666364051.206557	-305
1666364051.210574	-306
1666364051.214878	-307
1666364051.219049	-309
1666364051.223123	-310
1666364051.227415	-312
1666364051.231472	-313
1666364051.235666	-314
1666364051.239838	-316
1666364051.244070	-317
1666364051.248318	-319
1666364051.252352	-320
1666364051.256699	-322
1666364051.260747	-323
1666364051.265032	-324
1666364051.269212	-326
1666364051.273308	-327
1666364051.277464	-329
1666364051.281844	-330
1666364051.285995	-331
1666364051.290199	-333
1666364051.294277	-334
1666364051.298407	-336
1666364051.302765	-337
1666364051.306948	-338
1666364051.311161	-340
1666364051.315218	-341
1666364051.319476	-343
1666364051.323498	-344
1666364051.327878	-345
1666364051.332112	-347
1666364051.336163	-348
1666364051.340268	-350
1666364051.344657	-351
1666364051.348840	-352
1666364051.352992	-354
1666364051.357198	-355
1666364051.361114	-357
1666364051.365486	-358
1666364051.369576	-359
1666364051.373835	-361
1666364051.378044	-362
1666364051.382050	-363
1666364051.386360	-365
1666364051.390520	-366
1666364051.394789	-368
1666364051.398968	-369
1666364051.403001	-370
1666364051.407156	-372
1666364051.411492	-373
1666364051.415862	-374
1666364051.419890	-376
1666364051.423855	-377
1666364051.428095	-378
1666364051.432625	-380
1666364051.436586	-381
1666364051.440569	-383
1666364051.444857	-384
1666364051.448991	-385
1666364051.453306	-387
1666364051.457508	-388
1666364051.461709	-389
1666364051.465792	-391
1666364051.469875	-392
1666364051.474123	-393
1666364051.478420	-395
1666364051.482608	-396
1666364051.486776	-397
1666364051.490847	-399
1666364051.495116	-400
1666364051.499355	-401
1666364051.503520	-403
1666364051.507617	-404
1666364051.511817	-405
1666364051.516110	-407
1666364051.520310	-408
1666364051.524472	-409
1666364051.528630	-410
1666364051.532694	-412
1666364051.536856	-413
1666364051.541214	-414
1666364051.545219	-416
1666364051.549553	-417
1666364051.553585	-418
1666364051.557799	-420
1666364051.562116	-421
1666364051.566332	-422
1666364051.570543	-423
1666364051.574626	-425
1666364051.578746	-426
1666364051.583122	-427
1666364051.587307	-429
1666364051.591528	-430
1666364051.595529	-431
1666364051.599689	-433
1666364051.604282	-434
1666364051.608084	-435
1666364051.612442	-436
1666364051.616455	-438
1666364051.620664	-439
1666364051.625016	-440
1666364051.629187	-442
1666364051.633395	-443
1666364051.637536	-444
1666364051.641713	-445
1666364051.645879	-447
1666364051.650023	-448
1666364051.654213	-449
1666364051.658289	-450
1666364051.662466	-452
1666364051.666773	-453
1666364051.670986	-454
1666364051.675162	-456
1666364051.679267	-457
1666364051.683441	-458
1666364051.687766	-459
1666364051.691798	-461
1666364051.696064	-462
1666364051.700104	-463
1666364051.704393	-464
1666364051.708616	-466
1666364051.712823	-467
1666364051.717053	-468
1666364051.721112	-469
1666364051.725514	-471
1666364051.729447	-472
1666364051.733807	-473
1666364051.737816	-475
1666364051.742057	-476
1666364051.746321	-477
1666364051.750509	-478
1666364051.754777	-480
1666364051.758907	-481
1666364051.763074	-482
1666364051.767107	-483
1666364051.771463	-485
1666364051.775602	-486
1666364051.779835	-487
1666364051.783953	-488
1666364051.788040	-490
1666364051.792123	-491
1666364051.796548	-492
1666364051.800700	-493
1666364051.804894	-495
1666364051.808912	-496
1666364051.813150	-497
1666364051.817190	-498
1666364051.821567	-500
1666364051.825876	-500
1666364051.827903	-500
1666364051.841647	-499
1666364051.845704	-498
1666364051.849755	-497
1666364051.853870	-496
1666364051.858175	-494
1666364051.862370	-493
1666364051.866577	-492
1666364051.870659	-491
1666364051.874810	-489
1666364051.879083	-488
1666364051.883140	-487
1666364051.887430	-486
1666364051.891602	-484
1666364051.895725	-483
1666364051.899858	-482
1666364051.904084	-481
1666364051.908423	-479
1666364051.912576	-478
1666364051.916705	-477
1666364051.920707	-476
1666364051.924997	-474
1666364051.929361	-473
1666364051.933503	-472
1666364051.937575	-471
1666364051.941688	-469
1666364051.946111	-468
1666364051.950288	-467
1666364051.954564	-465
1666364051.958524	-464
1666364051.962664	-463
1666364051.967037	-462
1666364051.971235	-460
1666364051.975229	-459
1666364051.979518	-458
1666364051.983672	-457
1666364051.988028	-455
1666364051.992017	-454
1666364051.996388	-453
1666364052.000382	-451
1666364052.004721	-450
1666364052.008894	-449
1666364052.012911	-448
1666364052.017275	-446
1666364052.021336	-445
1666364052.025503	-444
1666364052.029656	-443
1666364052.033970	-441
1666364052.038024	-440
1666364052.042253	-439
1666364052.046399	-437
1666364052.050695	-436
1666364052.054880	-435
1666364052.059121	-434
1666364052.063236	-432
1666364052.067495	-431
1666364052.071744	-430
1666364052.075708	-428
1666364052.080128	-427
1666364052.084132	-426
1666364052.088308	-425
1666364052.092560	-423
1666364052.096823	-422
1666364052.101094	-421
1666364052.105064	-419
1666364052.109497	-418
1666364052.113500	-417
1666364052.117800	-415
1666364052.121893	-414
1666364052.126043	-413
1666364052.130251	-411
1666364052.134432	-410
1666364052.138602	-409
1666364052.142904	-408
1666364052.147023	-406
1666364052.151180	-405
1666364052.155312	-404
1666364052.159616	-402
1666364052.163869	-401
1666364052.167960	-400
1666364052.172163	-398
1666364052.176505	-397
1666364052.180700	-396
1666364052.184914	-394
1666364052.188919	-393
1666364052.193091	-392
1666364052.197329	-390
1666364052.201475	-389
1666364052.205583	-388
1666364052.209823	-386
1666364052.214051	-385
1666364052.218440	-384
1666364052.222622	-382
1666364052.226771	-381
1666364052.230832	-380
1666364052.235042	-378
1666364052.239368	-377
1666364052.243534	-375
1666364052.247723	-374
1666364052.251743	-373
1666364052.255966	-371
1666364052.260171	-370
1666364052.264223	-369
1666364052.268630	-367
1666364052.272688	-366
1666364052.276929	-365
1666364052.280957	-363
1666364052.285376	-362
1666364052.289614	-360
1666364052.293639	-359
1666364052.297760	-358
1666364052.301903	-356
1666364052.306267	-355
1666364052.310410	-354
1666364052.314568	-352
1666364052.318601	-351
1666364052.323016	-349
1666364052.327224	-348
1666364052.331415	-347
1666364052.335643	-345
1666364052.339582	-344
1666364052.344058	-342
1666364052.348196	-341
1666364052.352395	-340
1666364052.356363	-338
1666364052.360523	-337
1666364052.364699	-335
1666364052.369098	-334
1666364052.373332	-333
1666364052.377460	-331
1666364052.381516	-330
1666364052.385830	-328
1666364052.390011	-327
1666364052.394178	-325
1666364052.398338	-324
1666364052.402442	-323
1666364052.406586	-321
1666364052.410944	-320
1666364052.415143	-318
1666364052.419323	-317
1666364052.423393	-316
1666364052.427585	-314
1666364052.431988	-313
1666364052.436113	-311
1666364052.440317	-310
1666364052.444220	-308
1666364052.448457	-307
1666364052.452707	-306
1666364052.457018	-304
1666364052.461221	-303
1666364052.465231	-301
1666364052.469531	-300
1666364052.473672	-298
1666364052.477967	-297
1666364052.482057	-296
1666364052.486121	-294
1666364052.490322	-293
1666364052.494673	-291
1666364052.499015	-290
1666364052.503058	-288
1666364052.507107	-287
1666364052.511354	-286
1666364052.515671	-284
1666364052.519773	-283
1666364052.524004	-281
1666364052.528090	-280
1666364052.532242	-278
1666364052.536654	-277
1666364052.540828	-276
1666364052.544955	-274
1666364052.549049	-273
1666364052.553245	-271
1666364052.557714	-270
1666364052.561868	-268
1666364052.565968	-267
1666364052.570091	-265
1666364052.574395	-264
1666364052.578655	-263
1666364052.582787	-261
1666364052.586862	-260
1666364052.591125	-258
1666364052.595464	-257
1666364052.599661	-255
1666364052.603596	-254
1666364052.607779	-252
1666364052.611977	-251
1666364052.616112	-250
1666364052.620676	-248
1666364052.624681	-247
1666364052.628759	-245
1666364052.633209	-244
1666364052.637233	-242
1666364052.641444	-241
1666364052.645605	-240
1666364052.649669	-238
1666364052.653755	-237
1666364052.658128	-235
1666364052.662291	-234
1666364052.666532	-232
1666364052.670687	-231
1666364052.674812	-229
1666364052.678876	-228
1666364052.683290	-227
1666364052.687434	-225
1666364052.691546	-224
1666364052.695571	-222
1666364052.699852	-221
1666364052.704104	-219
1666364052.708314	-218
1666364052.712457	-217
1666364052.716508	-215
1666364052.720641	-214
1666364052.724986	-212
1666364052.729160	-211
1666364052.733235	-209
1666364052.737478	-208
1666364052.741570	-207
1666364052.745732	-205
1666364052.750064	-204
1666364052.754265	-202
1666364052.758407	-201
1666364052.762384	-199
1666364052.766552	-198
1666364052.770830	-197
1666364052.775095	-195
1666364052.779277	-194
1666364052.783328	-192
1666364052.787350	-191
1666364052.791537	-189
1666364052.795959	-188
1666364052.800087	-187
1666364052.804317	-185
1666364052.808251	-184
1666364052.812345	-182
1666364052.816780	-181
1666364052.820918	-180
1666364052.825070	-178
1666364052.829177	-177
1666364052.833221	-175
1666364052.837476	-174
1666364052.841770	-173
1666364052.845972	-171
1666364052.850097	-170
1666364052.854109	-168
1666364052.858224	-167
1666364052.862429	-166
1666364052.866782	-164
1666364052.871008	-163
1666364052.875060	-161
1666364052.879072	-160
1666364052.883336	-159
1666364052.887505	-157
1666364052.891761	-156
1666364052.895916	-154
1666364052.899986	-153
1666364052.904100	-152
1666364052.908392	-150
1666364052.912613	-149
1666364052.916616	-147
1666364052.920922	-146
1666364052.924948	-145
1666364052.929088	-143
1666364052.933522	-142
1666364052.937587	-141
1666364052.941877	-139
1666364052.945857	-138
1666364052.949988	-136
1666364052.954057	-135
1666364052.958412	-134
1666364052.962614	-132
1666364052.966782	-131
1666364052.970801	-130
1666364052.975050	-128
1666364052.979105	-127
1666364052.983534	-126
1666364052.987662	-124
1666364052.991794	-123
1666364052.995804	-121
1666364052.999916	-120
1666364053.004268	-119
1666364053.008451	-117
1666364053.012646	-116
1666364053.016708	-115
1666364053.020725	-113
1666364053.025134	-112
1666364053.029268	-111
1666364053.033450	-109
1666364053.037625	-108
1666364053.041640	-107
1666364053.045745	-105
1666364053.050048	-104
1666364053.054352	-103
1666364053.058528	-101
1666364053.062558	-100
1666364053.066595	-99
1666364053.070760	-97
1666364053.075080	-96
1666364053.079225	-95
1666364053.083389	-94
1666364053.087311	-92
1666364053.091460	-91
1666364053.095874	-90
1666364053.099898	-88
1666364053.104019	-87
1666364053.107932	-86
1666364053.112310	-85
1666364053.116379	-83
1666364053.120389	-82
1666364053.124643	-81
1666364053.128837	-79
1666364053.133013	-78
1666364053.137219	-77
1666364053.141381	-76
1666364053.145396	-74
1666364053.149463	-73
1666364053.153601	-72
1666364053.157785	-70
1666364053.161853	-69
1666364053.166186	-68
1666364053.170279	-67
1666364053.174253	-65
1666364053.178486	-64
1666364053.182515	-63
1666364053.186781	-61
1666364053.190946	-60
1666364053.195120	-59
1666364053.199081	-58
1666364053.203190	-56
1666364053.207406	-55
1666364053.211581	-54
1666364053.215759	-53
1666364053.219884	-51
1666364053.224023	-50
1666364053.228182	-49
1666364053.232133	-48
1666364053.236244	-46
1666364053.240438	-45
1666364053.244728	-44
1666364053.248877	-43
1666364053.253047	-41
1666364053.256893	-40
1666364053.261130	-39
1666364053.265168	-38
1666364053.269328	-36
1666364053.273692	-35
1666364053.277860	-34
1666364053.281881	-33
1666364053.285959	-31
1666364053.290020	-30
1666364053.294163	-29
1666364053.298489	-28
1666364053.302660	-26
1666364053.306804	-25
1666364053.310877	-24
1666364053.314873	-23
1666364053.318993	-21
1666364053.323115	-20
1666364053.327542	-19
1666364053.331578	-18
1666364053.335766	-16
1666364053.339813	-15
1666364053.343806	-14
1666364053.347871	-13
1666364053.352044	-11
1666364053.356266	-10
1666364053.360402	-9
1666364053.364534	-8
1666364053.368637	-7
1666364053.372725	-5
1666364053.376759	-4
1666364053.380675	-3
1666364053.384764	-2
1666364053.388829	0
1666364053.393362	0
1666364053.395333	0
