## Values
## High Speed = 200
## Low Speed = 300
## Acceleration = 3000
## Deceleration = 300
## Position = 0
## Idle Time = 1
## Accel/Decel profile = Sinusoidal
## Dwell time = 0.0
## Length = 500
## Cycles = 3


1666363906.798482	0
1666363906.802668	0
1666363906.804576	0
1666363906.818542	0
1666363906.822389	-1
1666363906.826432	-2
1666363906.830523	-3
1666363906.834743	-4
1666363906.838785	-5
1666363906.842748	-5
1666363906.846943	-6
1666363906.850947	-7
1666363906.855042	-8
1666363906.859159	-9
1666363906.863335	-9
1666363906.867453	-10
1666363906.871436	-11
1666363906.875731	-12
1666363906.879749	-13
1666363906.883965	-14
1666363906.888028	-14
1666363906.892144	-15
1666363906.896302	-16
1666363906.900440	-17
1666363906.904539	-18
1666363906.908682	-19
1666363906.912663	-19
1666363906.916791	-20
1666363906.920870	-21
1666363906.925056	-22
1666363906.929249	-23
1666363906.933383	-23
1666363906.937566	-24
1666363906.941606	-25
1666363906.945715	-26
1666363906.949809	-27
1666363906.953906	-28
1666363906.958189	-28
1666363906.962071	-29
1666363906.966452	-30
1666363906.970547	-31
1666363906.974538	-32
1666363906.978599	-33
1666363906.982821	-33
1666363906.986951	-34
1666363906.991078	-35
1666363906.995284	-36
1666363906.999416	-37
1666363907.003509	-38
1666363907.007488	-38
1666363907.011557	-39
1666363907.015898	-40
1666363907.019996	-41
1666363907.024125	-42
1666363907.028039	-42
1666363907.032347	-43
1666363907.036215	-44
1666363907.040320	-45
1666363907.044471	-46
1666363907.048826	-47
1666363907.052929	-47
1666363907.057025	-48
1666363907.061148	-49
1666363907.065302	-50
1666363907.069250	-51
1666363907.073293	-52
1666363907.077631	-52
1666363907.081777	-53
1666363907.085898	-54
1666363907.090030	-55
1666363907.094136	-56
1666363907.098215	-57
1666363907.102399	-57
1666363907.106324	-58
1666363907.110643	-59
1666363907.114695	-60
1666363907.118701	-61
1666363907.122975	-61
1666363907.127132	-62
1666363907.131076	-63
1666363907.135115	-64
1666363907.139397	-65
1666363907.143461	-66
1666363907.147700	-66
1666363907.151841	-67
1666363907.155935	-68
1666363907.160034	-69
1666363907.164011	-70
1666363907.168236	-71
1666363907.172228	-71
1666363907.176590	-72
1666363907.180673	-73
1666363907.184807	-74
1666363907.188916	-75
1666363907.192939	-75
1666363907.197048	-76
1666363907.201315	-77
1666363907.205238	-78
1666363907.209550	-79
1666363907.213672	-80
1666363907.217798	-80
1666363907.221940	-81
1666363907.225928	-82
1666363907.229956	-83
1666363907.234085	-84
1666363907.238276	-85
1666363907.242491	-85
1666363907.246583	-86
1666363907.250766	-87
1666363907.254766	-88
1666363907.258765	-89
1666363907.262972	-90
1666363907.267161	-90
1666363907.271349	-91
1666363907.275234	-92
1666363907.279580	-93
1666363907.283668	-94
1666363907.287685	-94
1666363907.291718	-95
1666363907.295927	-96
1666363907.300162	-97
1666363907.304385	-98
1666363907.308506	-99
1666363907.312534	-99
1666363907.316601	-100
1666363907.320690	-101
1666363907.324968	-102
1666363907.329103	-103
1666363907.333289	-104
1666363907.337475	-104
1666363907.341470	-105
1666363907.345632	-106
1666363907.349684	-107
1666363907.354121	-108
1666363907.358262	-109
1666363907.362442	-109
1666363907.366523	-110
1666363907.370465	-111
1666363907.374805	-112
1666363907.378991	-113
1666363907.382949	-114
1666363907.387286	-114
1666363907.391415	-115
1666363907.395391	-116
1666363907.399735	-117
1666363907.403825	-118
1666363907.408101	-119
1666363907.412234	-119
1666363907.416335	-120
1666363907.420346	-121
1666363907.424668	-122
1666363907.428884	-123
1666363907.433097	-124
1666363907.437257	-124
1666363907.441345	-125
1666363907.445302	-126
1666363907.449493	-127
1666363907.453661	-128
1666363907.457953	-129
1666363907.461895	-129
1666363907.466041	-130
1666363907.470181	-131
1666363907.474410	-132
1666363907.478548	-133
1666363907.482716	-134
1666363907.486868	-134
1666363907.490988	-135
1666363907.495220	-136
1666363907.499308	-137
1666363907.503401	-138
1666363907.507589	-139
1666363907.511752	-139
1666363907.515898	-140
1666363907.520108	-141
1666363907.524189	-142
1666363907.528407	-143
1666363907.532531	-143
1666363907.536700	-144
1666363907.540973	-145
1666363907.544958	-146
1666363907.549250	-147
1666363907.553275	-148
1666363907.557611	-148
1666363907.561754	-149
1666363907.565920	-150
1666363907.569891	-151
1666363907.574052	-152
1666363907.578294	-153
1666363907.582545	-153
1666363907.586691	-154
1666363907.590674	-155
1666363907.594856	-156
1666363907.599030	-157
1666363907.603332	-158
1666363907.607524	-158
1666363907.611663	-159
1666363907.615794	-160
1666363907.619834	-161
1666363907.623897	-162
1666363907.628136	-163
1666363907.632567	-163
1666363907.636602	-164
1666363907.640733	-165
1666363907.644688	-166
1666363907.648877	-167
1666363907.653141	-168
1666363907.657313	-168
1666363907.661450	-169
1666363907.665594	-170
1666363907.669738	-171
1666363907.673765	-172
1666363907.678102	-173
1666363907.682093	-173
1666363907.686450	-174
1666363907.690399	-175
1666363907.694604	-176
1666363907.698750	-177
1666363907.702987	-178
1666363907.707008	-178
1666363907.711341	-179
1666363907.715451	-180
1666363907.719479	-181
1666363907.723747	-182
1666363907.727908	-183
1666363907.732099	-183
1666363907.736106	-184
1666363907.740259	-185
1666363907.744395	-186
1666363907.748542	-187
1666363907.752807	-188
1666363907.756834	-188
1666363907.761148	-189
1666363907.765334	-190
1666363907.769376	-191
1666363907.773578	-192
1666363907.777823	-193
1666363907.781901	-193
1666363907.786044	-194
1666363907.790129	-195
1666363907.794248	-196
1666363907.798370	-197
1666363907.802581	-198
1666363907.806678	-198
1666363907.810948	-199
1666363907.815129	-200
1666363907.819175	-201
1666363907.823315	-202
1666363907.827721	-203
1666363907.831881	-203
1666363907.835858	-204
1666363907.839928	-205
1666363907.844130	-206
1666363907.848244	-207
1666363907.852557	-208
1666363907.856564	-208
1666363907.860854	-209
1666363907.864983	-210
1666363907.869009	-211
1666363907.873188	-212
1666363907.877453	-213
1666363907.881563	-213
1666363907.885980	-214
1666363907.889757	-215
1666363907.893996	-216
1666363907.898185	-217
1666363907.902231	-218
1666363907.906423	-218
1666363907.910703	-219
1666363907.914841	-220
1666363907.918913	-221
1666363907.923051	-222
1666363907.927290	-223
1666363907.931523	-223
1666363907.935690	-224
1666363907.939651	-225
1666363907.943814	-226
1666363907.948034	-227
1666363907.952252	-228
1666363907.956342	-228
1666363907.960447	-229
1666363907.964695	-230
1666363907.968824	-231
1666363907.972893	-232
1666363907.977161	-233
1666363907.981341	-233
1666363907.985468	-234
1666363907.989604	-235
1666363907.993767	-236
1666363907.997837	-237
1666363908.002008	-237
1666363908.006088	-238
1666363908.010432	-239
1666363908.014559	-240
1666363908.018725	-241
1666363908.022788	-242
1666363908.026875	-242
1666363908.031177	-243
1666363908.035340	-244
1666363908.039492	-245
1666363908.043501	-246
1666363908.047637	-247
1666363908.051824	-247
1666363908.055996	-248
1666363908.060217	-249
1666363908.064454	-250
1666363908.068462	-251
1666363908.072554	-252
1666363908.076731	-252
1666363908.080947	-253
1666363908.085055	-254
1666363908.089355	-255
1666363908.093469	-256
1666363908.097584	-257
1666363908.101672	-257
1666363908.105917	-258
1666363908.110206	-259
1666363908.114392	-260
1666363908.118447	-261
1666363908.122547	-262
1666363908.126849	-262
1666363908.131073	-263
1666363908.135217	-264
1666363908.139386	-265
1666363908.143378	-266
1666363908.147707	-267
1666363908.151765	-267
1666363908.156139	-268
1666363908.160281	-269
1666363908.164325	-270
1666363908.168481	-271
1666363908.172809	-272
1666363908.176947	-272
1666363908.181132	-273
1666363908.185282	-274
1666363908.189300	-275
1666363908.193453	-276
1666363908.197865	-277
1666363908.201777	-278
1666363908.206162	-278
1666363908.210231	-279
1666363908.214433	-280
1666363908.218519	-281
1666363908.222883	-282
1666363908.226997	-283
1666363908.231170	-283
1666363908.235165	-284
1666363908.239423	-285
1666363908.243451	-286
1666363908.247893	-287
1666363908.252019	-288
1666363908.256147	-288
1666363908.260153	-289
1666363908.264548	-290
1666363908.268710	-291
1666363908.272887	-292
1666363908.277089	-293
1666363908.281095	-293
1666363908.285279	-294
1666363908.289354	-295
1666363908.293756	-296
1666363908.297976	-297
1666363908.301982	-298
1666363908.306005	-298
1666363908.310192	-299
1666363908.314338	-300
1666363908.318666	-301
1666363908.322876	-302
1666363908.326963	-303
1666363908.331092	-303
1666363908.335250	-304
1666363908.339430	-305
1666363908.343699	-306
1666363908.347791	-307
1666363908.351918	-308
1666363908.356028	-308
1666363908.360200	-309
1666363908.364542	-310
1666363908.368719	-311
1666363908.372699	-312
1666363908.376909	-313
1666363908.381207	-313
1666363908.385401	-314
1666363908.389547	-315
1666363908.393711	-316
1666363908.397742	-317
1666363908.402098	-318
1666363908.406046	-318
1666363908.410429	-319
1666363908.414458	-320
1666363908.418651	-321
1666363908.422828	-322
1666363908.427100	-323
1666363908.431275	-323
1666363908.435453	-324
1666363908.439547	-325
1666363908.443695	-326
1666363908.447918	-327
1666363908.451950	-328
1666363908.456285	-328
1666363908.460289	-329
1666363908.464479	-330
1666363908.468805	-331
1666363908.472945	-332
1666363908.477120	-333
1666363908.481196	-333
1666363908.485424	-334
1666363908.489473	-335
1666363908.493684	-336
1666363908.497969	-337
1666363908.502136	-338
1666363908.506295	-338
1666363908.510410	-339
1666363908.514501	-340
1666363908.518824	-341
1666363908.522878	-342
1666363908.527175	-343
1666363908.531383	-343
1666363908.535362	-344
1666363908.539554	-345
1666363908.543839	-346
1666363908.548166	-347
1666363908.552117	-348
1666363908.556253	-348
1666363908.560374	-349
1666363908.564685	-350
1666363908.568901	-351
1666363908.572878	-352
1666363908.577201	-353
1666363908.581184	-353
1666363908.585361	-354
1666363908.589735	-355
1666363908.593932	-356
1666363908.597909	-357
1666363908.602186	-358
1666363908.606192	-358
1666363908.610432	-359
1666363908.614606	-360
1666363908.618971	-361
1666363908.623077	-362
1666363908.627074	-363
1666363908.631310	-363
1666363908.635460	-364
1666363908.639765	-365
1666363908.643881	-366
1666363908.648036	-367
1666363908.652104	-368
1666363908.656419	-369
1666363908.660401	-369
1666363908.664759	-370
1666363908.668940	-371
1666363908.672941	-372
1666363908.677072	-373
1666363908.681428	-374
1666363908.685627	-374
1666363908.689841	-375
1666363908.693897	-376
1666363908.697952	-377
1666363908.702104	-378
1666363908.706437	-379
1666363908.710622	-379
1666363908.714853	-380
1666363908.718795	-381
1666363908.722967	-382
1666363908.727272	-383
1666363908.731468	-384
1666363908.735682	-384
1666363908.739788	-385
1666363908.743804	-386
1666363908.748037	-387
1666363908.752255	-388
1666363908.756476	-389
1666363908.760532	-389
1666363908.764688	-390
1666363908.768832	-391
1666363908.773000	-392
1666363908.777368	-393
1666363908.781547	-394
1666363908.785671	-394
1666363908.789694	-395
1666363908.793892	-396
1666363908.798219	-397
1666363908.802396	-398
1666363908.806556	-399
1666363908.810533	-399
1666363908.814812	-400
1666363908.819095	-401
1666363908.823246	-402
1666363908.827412	-403
1666363908.831637	-404
1666363908.835541	-404
1666363908.839919	-405
1666363908.844002	-406
1666363908.848251	-407
1666363908.852434	-408
1666363908.856529	-409
1666363908.860624	-409
1666363908.864743	-410
1666363908.869111	-411
1666363908.873304	-412
1666363908.877286	-413
1666363908.881464	-414
1666363908.885742	-414
1666363908.889938	-415
1666363908.893941	-416
1666363908.898088	-417
1666363908.902224	-418
1666363908.906447	-419
1666363908.910614	-419
1666363908.914841	-420
1666363908.919066	-421
1666363908.923210	-422
1666363908.927252	-423
1666363908.931434	-424
1666363908.935826	-424
1666363908.939909	-425
1666363908.944092	-426
1666363908.948113	-427
1666363908.952335	-428
1666363908.956667	-429
1666363908.960845	-429
1666363908.964970	-430
1666363908.968947	-431
1666363908.973144	-432
1666363908.977300	-433
1666363908.981641	-434
1666363908.985878	-434
1666363908.989977	-435
1666363908.994172	-436
1666363908.998202	-437
1666363909.002390	-438
1666363909.006733	-439
1666363909.010929	-439
1666363909.015090	-440
1666363909.019107	-441
1666363909.023169	-442
1666363909.027401	-443
1666363909.031737	-444
1666363909.035834	-444
1666363909.040048	-445
1666363909.043982	-446
1666363909.048378	-447
1666363909.052367	-448
1666363909.056516	-449
1666363909.060661	-449
1666363909.064907	-450
1666363909.069119	-451
1666363909.073256	-452
1666363909.077569	-453
1666363909.081592	-454
1666363909.085737	-454
1666363909.089930	-455
1666363909.094087	-456
1666363909.098277	-457
1666363909.102416	-458
1666363909.106613	-459
1666363909.110840	-460
1666363909.115039	-460
1666363909.119218	-461
1666363909.123420	-462
1666363909.127650	-463
1666363909.131688	-464
1666363909.135716	-465
1666363909.139888	-465
1666363909.144322	-466
1666363909.148433	-467
1666363909.152631	-468
1666363909.156702	-469
1666363909.160959	-470
1666363909.165073	-470
1666363909.169156	-471
1666363909.173431	-472
1666363909.177684	-473
1666363909.181601	-474
1666363909.185861	-475
1666363909.190078	-475
1666363909.194305	-476
1666363909.198434	-477
1666363909.202517	-478
1666363909.206916	-479
1666363909.211048	-480
1666363909.215123	-480
1666363909.219140	-481
1666363909.223474	-482
1666363909.227791	-483
1666363909.231696	-484
1666363909.235949	-485
1666363909.240137	-485
1666363909.244404	-486
1666363909.248386	-487
1666363909.252620	-488
1666363909.256908	-489
1666363909.261049	-490
1666363909.265143	-490
1666363909.269296	-491
1666363909.273347	-492
1666363909.277722	-493
1666363909.281795	-494
1666363909.285971	-495
1666363909.290135	-495
1666363909.294511	-496
1666363909.298534	-497
1666363909.302631	-498
1666363909.306763	-499
1666363909.311188	-500
1666363909.315259	-500
1666363909.319638	-500
1666363909.321786	-500
1666363909.335484	-499
1666363909.339656	-499
1666363909.343853	-498
1666363909.348000	-497
1666363909.352074	-496
1666363909.356177	-495
1666363909.360464	-494
1666363909.364731	-494
1666363909.368895	-493
1666363909.372858	-492
1666363909.377136	-491
1666363909.381185	-490
1666363909.385393	-489
1666363909.389707	-489
1666363909.393767	-488
1666363909.398025	-487
1666363909.402061	-486
1666363909.406372	-485
1666363909.410419	-484
1666363909.414712	-484
1666363909.418868	-483
1666363909.422953	-482
1666363909.427153	-481
1666363909.431396	-480
1666363909.435520	-479
1666363909.439674	-479
1666363909.443851	-478
1666363909.447999	-477
1666363909.452059	-476
1666363909.456407	-475
1666363909.460508	-474
1666363909.464731	-474
1666363909.468737	-473
1666363909.472955	-472
1666363909.477298	-471
1666363909.481451	-470
1666363909.485565	-469
1666363909.489747	-469
1666363909.493828	-468
1666363909.498118	-467
1666363909.502289	-466
1666363909.506452	-465
1666363909.510513	-464
1666363909.514699	-464
1666363909.518962	-463
1666363909.523029	-462
1666363909.527247	-461
1666363909.531471	-460
1666363909.535629	-459
1666363909.539817	-459
1666363909.543876	-458
1666363909.548167	-457
1666363909.552186	-456
1666363909.556428	-455
1666363909.560551	-454
1666363909.564805	-454
1666363909.569103	-453
1666363909.573072	-452
1666363909.577265	-451
1666363909.581477	-450
1666363909.585553	-449
1666363909.589867	-449
1666363909.593922	-448
1666363909.598237	-447
1666363909.602348	-446
1666363909.606443	-445
1666363909.610621	-444
1666363909.614865	-444
1666363909.619019	-443
1666363909.623255	-442
1666363909.627233	-441
1666363909.631399	-440
1666363909.635763	-439
1666363909.639873	-439
1666363909.643939	-438
1666363909.648099	-437
1666363909.652287	-436
1666363909.656449	-435
1666363909.660604	-434
1666363909.664880	-434
1666363909.669067	-433
1666363909.673175	-432
1666363909.677296	-431
1666363909.681543	-430
1666363909.685617	-429
1666363909.689922	-428
1666363909.694011	-428
1666363909.698124	-427
1666363909.702285	-426
1666363909.706583	-425
1666363909.710713	-424
1666363909.714801	-423
1666363909.719075	-423
1666363909.723101	-422
1666363909.727391	-421
1666363909.731603	-420
1666363909.735786	-419
1666363909.739944	-418
1666363909.744006	-418
1666363909.748196	-417
1666363909.752468	-416
1666363909.756598	-415
1666363909.760728	-414
1666363909.764999	-413
1666363909.769012	-413
1666363909.773165	-412
1666363909.777391	-411
1666363909.781524	-410
1666363909.785819	-409
1666363909.789947	-408
1666363909.794172	-408
1666363909.798338	-407
1666363909.802493	-406
1666363909.806624	-405
1666363909.810766	-404
1666363909.814872	-403
1666363909.819040	-403
1666363909.823335	-402
1666363909.827411	-401
1666363909.831643	-400
1666363909.835698	-399
1666363909.839912	-398
1666363909.844126	-398
1666363909.848360	-397
1666363909.852520	-396
1666363909.856671	-395
1666363909.860756	-394
1666363909.865048	-393
1666363909.869203	-393
1666363909.873218	-392
1666363909.877482	-391
1666363909.881581	-390
1666363909.885809	-389
1666363909.889938	-388
1666363909.894188	-388
1666363909.898374	-387
1666363909.902416	-386
1666363909.906684	-385
1666363909.910785	-384
1666363909.915014	-383
1666363909.919254	-383
1666363909.923395	-382
1666363909.927567	-381
1666363909.931574	-380
1666363909.935999	-379
1666363909.940131	-378
1666363909.944273	-378
1666363909.948298	-377
1666363909.952513	-376
1666363909.956546	-375
1666363909.960768	-374
1666363909.965119	-373
1666363909.969096	-373
1666363909.973457	-372
1666363909.977481	-371
1666363909.981662	-370
1666363909.986027	-369
1666363909.990143	-368
1666363909.994328	-368
1666363909.998427	-367
1666363910.002459	-366
1666363910.006956	-365
1666363910.010984	-364
1666363910.015218	-363
1666363910.019362	-363
1666363910.023324	-362
1666363910.027536	-361
1666363910.031764	-360
1666363910.036110	-359
1666363910.040194	-358
1666363910.044368	-358
1666363910.048312	-357
1666363910.052787	-356
1666363910.056822	-355
1666363910.060918	-354
1666363910.065243	-353
1666363910.069282	-353
1666363910.073413	-352
1666363910.077530	-351
1666363910.081910	-350
1666363910.086073	-349
1666363910.090176	-348
1666363910.094192	-348
1666363910.098367	-347
1666363910.102705	-346
1666363910.106900	-345
1666363910.111089	-344
1666363910.115096	-343
1666363910.119191	-342
1666363910.123438	-342
1666363910.127721	-341
1666363910.131918	-340
1666363910.136101	-339
1666363910.140055	-338
1666363910.144389	-337
1666363910.148595	-337
1666363910.152569	-336
1666363910.156939	-335
1666363910.160970	-334
1666363910.165046	-333
1666363910.169379	-332
1666363910.173620	-332
1666363910.177799	-331
1666363910.181929	-330
1666363910.185942	-329
1666363910.190075	-328
1666363910.194388	-327
1666363910.198628	-327
1666363910.202805	-326
1666363910.206878	-325
1666363910.210899	-324
1666363910.215316	-323
1666363910.219482	-322
1666363910.223657	-322
1666363910.227833	-321
1666363910.231824	-320
1666363910.236092	-319
1666363910.240157	-318
1666363910.244496	-317
1666363910.248676	-317
1666363910.252757	-316
1666363910.256842	-315
1666363910.260973	-314
1666363910.265345	-313
1666363910.269523	-312
1666363910.273685	-312
1666363910.277693	-311
1666363910.281811	-310
1666363910.286183	-309
1666363910.290385	-308
1666363910.294541	-307
1666363910.298659	-307
1666363910.302672	-306
1666363910.306827	-305
1666363910.311016	-304
1666363910.315387	-303
1666363910.319530	-302
1666363910.323593	-302
1666363910.327687	-301
1666363910.331884	-300
1666363910.336263	-299
1666363910.340403	-298
1666363910.344511	-297
1666363910.348516	-297
1666363910.352703	-296
1666363910.357060	-295
1666363910.361279	-294
1666363910.365469	-293
1666363910.369495	-292
1666363910.373600	-292
1666363910.377949	-291
1666363910.382102	-290
1666363910.386296	-289
1666363910.390464	-288
1666363910.394442	-287
1666363910.398746	-287
1666363910.402992	-286
1666363910.407176	-285
1666363910.411304	-284
1666363910.415368	-283
1666363910.419456	-282
1666363910.423595	-282
1666363910.428013	-281
1666363910.432163	-280
1666363910.436296	-279
1666363910.440305	-278
1666363910.444575	-277
1666363910.448922	-277
1666363910.452978	-276
1666363910.457168	-275
1666363910.461254	-274
1666363910.465242	-273
1666363910.469460	-272
1666363910.473822	-272
1666363910.477956	-271
1666363910.482151	-270
1666363910.486200	-269
1666363910.490302	-268
1666363910.494716	-267
1666363910.498915	-267
1666363910.503036	-266
1666363910.507092	-265
1666363910.511248	-264
1666363910.515541	-263
1666363910.519606	-262
1666363910.523832	-262
1666363910.527818	-261
1666363910.532024	-260
1666363910.536124	-259
1666363910.540364	-258
1666363910.544703	-257
1666363910.548882	-257
1666363910.552966	-256
1666363910.557024	-255
1666363910.561351	-254
1666363910.565522	-253
1666363910.569652	-252
1666363910.573852	-252
1666363910.577864	-251
1666363910.581968	-250
1666363910.586253	-249
1666363910.590394	-248
1666363910.594561	-247
1666363910.598743	-247
1666363910.602782	-246
1666363910.606887	-245
1666363910.611011	-244
1666363910.615338	-243
1666363910.619302	-242
1666363910.623647	-242
1666363910.627791	-241
1666363910.631750	-240
1666363910.636093	-239
1666363910.640119	-238
1666363910.644438	-237
1666363910.648406	-237
1666363910.652664	-236
1666363910.656671	-235
1666363910.660847	-234
1666363910.665198	-233
1666363910.669376	-232
1666363910.673501	-232
1666363910.677588	-231
1666363910.681677	-230
1666363910.685939	-229
1666363910.690122	-228
1666363910.694094	-227
1666363910.698427	-227
1666363910.702619	-226
1666363910.706622	-225
1666363910.710704	-224
1666363910.715062	-223
1666363910.719235	-222
1666363910.723401	-222
1666363910.727483	-221
1666363910.731477	-220
1666363910.735954	-219
1666363910.740000	-218
1666363910.744181	-217
1666363910.748054	-217
1666363910.752423	-216
1666363910.756404	-215
1666363910.760617	-214
1666363910.764968	-213
1666363910.769081	-212
1666363910.773377	-212
1666363910.777457	-211
1666363910.781371	-210
1666363910.785687	-209
1666363910.789870	-208
1666363910.793830	-207
1666363910.798121	-207
1666363910.802229	-206
1666363910.806306	-205
1666363910.810424	-204
1666363910.814584	-203
1666363910.818742	-202
1666363910.822923	-202
1666363910.827068	-201
1666363910.831194	-200
1666363910.835400	-199
1666363910.839489	-198
1666363910.843881	-197
1666363910.847862	-197
1666363910.851975	-196
1666363910.856149	-195
1666363910.860268	-194
1666363910.864397	-193
1666363910.868577	-192
1666363910.872885	-192
1666363910.876913	-191
1666363910.881208	-190
1666363910.885398	-189
1666363910.889479	-188
1666363910.893571	-187
1666363910.897828	-187
1666363910.901790	-186
1666363910.905964	-185
1666363910.910201	-184
1666363910.914334	-183
1666363910.918458	-182
1666363910.922743	-182
1666363910.926882	-181
1666363910.930923	-180
1666363910.935087	-179
1666363910.939208	-178
1666363910.943551	-177
1666363910.947686	-177
1666363910.951715	-176
1666363910.955854	-175
1666363910.959921	-174
1666363910.964137	-173
1666363910.968303	-172
1666363910.972640	-172
1666363910.976789	-171
1666363910.980817	-170
1666363910.984969	-169
1666363910.989088	-168
1666363910.993320	-167
1666363910.997534	-167
1666363911.001720	-166
1666363911.005738	-165
1666363911.009830	-164
1666363911.013946	-163
1666363911.018109	-162
1666363911.022252	-162
1666363911.026383	-161
1666363911.030687	-160
1666363911.034762	-159
1666363911.039087	-158
1666363911.043026	-158
1666363911.047205	-157
1666363911.051558	-156
1666363911.055596	-155
1666363911.059679	-154
1666363911.063816	-153
1666363911.068038	-153
1666363911.072332	-152
1666363911.076440	-151
1666363911.080548	-150
1666363911.084692	-149
1666363911.088963	-148
1666363911.093144	-148
1666363911.097282	-147
1666363911.101444	-146
1666363911.105497	-145
1666363911.109578	-144
1666363911.113794	-143
1666363911.117991	-143
1666363911.121975	-142
1666363911.126189	-141
1666363911.130287	-140
1666363911.134593	-139
1666363911.138589	-138
1666363911.142779	-138
1666363911.147108	-137
1666363911.151199	-136
1666363911.155263	-135
1666363911.159358	-134
1666363911.163536	-133
1666363911.167823	-133
1666363911.171965	-132
1666363911.176000	-131
1666363911.180153	-130
1666363911.184322	-129
1666363911.188634	-128
1666363911.192824	-128
1666363911.196918	-127
1666363911.201068	-126
1666363911.205178	-125
1666363911.209259	-124
1666363911.213355	-123
1666363911.217705	-123
1666363911.221702	-122
1666363911.226054	-121
1666363911.230175	-120
1666363911.234187	-119
1666363911.238633	-118
1666363911.242667	-118
1666363911.246658	-117
1666363911.251010	-116
1666363911.255122	-115
1666363911.259117	-114
1666363911.263291	-113
1666363911.267636	-113
1666363911.271778	-112
1666363911.275907	-111
1666363911.279989	-110
1666363911.284002	-109
1666363911.288131	-108
1666363911.292450	-108
1666363911.296702	-107
1666363911.300844	-106
1666363911.304939	-105
1666363911.308969	-104
1666363911.313279	-103
1666363911.317281	-103
1666363911.321635	-102
1666363911.325684	-101
1666363911.329883	-100
1666363911.333852	-99
1666363911.337990	-98
1666363911.342133	-98
1666363911.346431	-97
1666363911.350381	-96
1666363911.354618	-95
1666363911.358761	-94
1666363911.362840	-93
1666363911.366838	-93
1666363911.370971	-92
1666363911.375094	-91
1666363911.379192	-90
1666363911.383439	-89
1666363911.387590	-89
1666363911.391554	-88
1666363911.395672	-87
1666363911.399727	-86
1666363911.403946	-85
1666363911.408113	-84
1666363911.412076	-84
1666363911.416392	-83
1666363911.420506	-82
1666363911.424531	-81
1666363911.428708	-80
1666363911.432871	-79
1666363911.436979	-79
1666363911.441129	-78
1666363911.445220	-77
1666363911.449434	-76
1666363911.453485	-75
1666363911.457539	-75
1666363911.461571	-74
1666363911.465800	-73
1666363911.470026	-72
1666363911.473961	-71
1666363911.478226	-70
1666363911.482353	-70
1666363911.486412	-69
1666363911.490425	-68
1666363911.494541	-67
1666363911.498824	-66
1666363911.502948	-65
1666363911.507037	-65
1666363911.511181	-64
1666363911.515299	-63
1666363911.519326	-62
1666363911.523342	-61
1666363911.527613	-60
1666363911.531834	-60
1666363911.535926	-59
1666363911.540062	-58
1666363911.544147	-57
1666363911.548236	-56
1666363911.552237	-56
1666363911.556364	-55
1666363911.560447	-54
1666363911.564774	-53
1666363911.568894	-52
1666363911.572825	-51
1666363911.577143	-51
1666363911.581158	-50
1666363911.585175	-49
1666363911.589424	-48
1666363911.593586	-47
1666363911.597697	-46
1666363911.601839	-46
1666363911.606041	-45
1666363911.609894	-44
1666363911.614059	-43
1666363911.618151	-42
1666363911.622276	-42
1666363911.626415	-41
1666363911.630684	-40
1666363911.634664	-39
1666363911.638924	-38
1666363911.642919	-37
1666363911.647061	-37
1666363911.651299	-36
1666363911.655246	-35
1666363911.659340	-34
1666363911.663557	-33
1666363911.667729	-32
1666363911.671805	-32
1666363911.675876	-31
1666363911.679972	-30
1666363911.684092	-29
1666363911.688366	-28
1666363911.692327	-27
1666363911.696467	-27
1666363911.700679	-26
1666363911.704756	-25
1666363911.708857	-24
1666363911.712931	-23
1666363911.717174	-23
1666363911.721305	-22
1666363911.725515	-21
1666363911.729480	-20
1666363911.733597	-19
1666363911.737730	-18
1666363911.741764	-18
1666363911.746125	-17
1666363911.749987	-16
1666363911.754304	-15
1666363911.758268	-14
1666363911.762539	-13
1666363911.766526	-13
1666363911.770708	-12
1666363911.774897	-11
1666363911.778925	-10
1666363911.783093	-9
1666363911.787195	-9
1666363911.791250	-8
1666363911.795225	-7
1666363911.799428	-6
1666363911.803476	-5
1666363911.807571	-4
1666363911.811602	-4
1666363911.815763	-3
1666363911.819802	-2
1666363911.823876	-1
1666363911.827898	0
1666363911.832074	0
1666363911.836295	0
1666363911.838216	0
1666363911.840209	0
1666363911.844294	0
1666363911.846412	0
1666363911.859992	-1
1666363911.863988	-1
1666363911.868245	-2
1666363911.872175	-3
1666363911.876339	-4
1666363911.880343	-5
1666363911.884525	-5
1666363911.888717	-6
1666363911.892702	-7
1666363911.896827	-8
1666363911.900834	-9
1666363911.905074	-10
1666363911.909077	-10
1666363911.913211	-11
1666363911.917278	-12
1666363911.921385	-13
1666363911.925546	-14
1666363911.929694	-14
1666363911.933908	-15
1666363911.937991	-16
1666363911.941964	-17
1666363911.946193	-18
1666363911.950253	-19
1666363911.954501	-19
1666363911.958581	-20
1666363911.962821	-21
1666363911.966749	-22
1666363911.971123	-23
1666363911.975086	-24
1666363911.979120	-24
1666363911.983269	-25
1666363911.987511	-26
1666363911.991557	-27
1666363911.995599	-28
1666363911.999841	-29
1666363912.003855	-29
1666363912.007960	-30
1666363912.012110	-31
1666363912.016340	-32
1666363912.020428	-33
1666363912.024486	-33
1666363912.028677	-34
1666363912.032757	-35
1666363912.036929	-36
1666363912.040942	-37
1666363912.045113	-38
1666363912.049306	-38
1666363912.053406	-39
1666363912.057541	-40
1666363912.061528	-41
1666363912.065813	-42
1666363912.069817	-43
1666363912.073877	-43
1666363912.078064	-44
1666363912.082185	-45
1666363912.086403	-46
1666363912.090354	-47
1666363912.094611	-48
1666363912.098766	-48
1666363912.102770	-49
1666363912.106857	-50
1666363912.111068	-51
1666363912.115174	-52
1666363912.119341	-52
1666363912.123489	-53
1666363912.127486	-54
1666363912.131655	-55
1666363912.135763	-56
1666363912.139832	-57
1666363912.144083	-57
1666363912.148176	-58
1666363912.152202	-59
1666363912.156462	-60
1666363912.160457	-61
1666363912.164601	-62
1666363912.168702	-62
1666363912.172908	-63
1666363912.176949	-64
1666363912.181007	-65
1666363912.185257	-66
1666363912.189447	-66
1666363912.193396	-67
1666363912.197518	-68
1666363912.201712	-69
1666363912.205939	-70
1666363912.209852	-71
1666363912.214078	-71
1666363912.218094	-72
1666363912.222392	-73
1666363912.226324	-74
1666363912.230457	-75
1666363912.234776	-76
1666363912.238854	-76
1666363912.242832	-77
1666363912.246914	-78
1666363912.251047	-79
1666363912.255315	-80
1666363912.259290	-81
1666363912.263445	-81
1666363912.267685	-82
1666363912.271844	-83
1666363912.275958	-84
1666363912.280230	-85
1666363912.284210	-85
1666363912.288290	-86
1666363912.292312	-87
1666363912.296416	-88
1666363912.300559	-89
1666363912.304845	-90
1666363912.308923	-90
1666363912.312865	-91
1666363912.317040	-92
1666363912.321121	-93
1666363912.325255	-94
1666363912.329380	-95
1666363912.333719	-95
1666363912.337619	-96
1666363912.341730	-97
1666363912.346031	-98
1666363912.350009	-99
1666363912.354043	-99
1666363912.358286	-100
1666363912.362459	-101
1666363912.366522	-102
1666363912.370800	-103
1666363912.374950	-104
1666363912.379193	-104
1666363912.383165	-105
1666363912.387458	-106
1666363912.391651	-107
1666363912.395811	-108
1666363912.399896	-109
1666363912.403924	-109
1666363912.408095	-110
1666363912.412261	-111
1666363912.416543	-112
1666363912.420702	-113
1666363912.424844	-114
1666363912.428876	-114
1666363912.433027	-115
1666363912.437345	-116
1666363912.441454	-117
1666363912.445482	-118
1666363912.449734	-119
1666363912.453797	-119
1666363912.458044	-120
1666363912.462159	-121
1666363912.466402	-122
1666363912.470567	-123
1666363912.474547	-124
1666363912.478698	-124
1666363912.482829	-125
1666363912.486970	-126
1666363912.491337	-127
1666363912.495582	-128
1666363912.499495	-129
1666363912.503683	-129
1666363912.507894	-130
1666363912.512000	-131
1666363912.516289	-132
1666363912.520469	-133
1666363912.524599	-134
1666363912.528681	-134
1666363912.532751	-135
1666363912.537072	-136
1666363912.541147	-137
1666363912.545390	-138
1666363912.549568	-139
1666363912.553466	-139
1666363912.557752	-140
1666363912.561855	-141
1666363912.566281	-142
1666363912.570335	-143
1666363912.574491	-144
1666363912.578564	-144
1666363912.582616	-145
1666363912.586987	-146
1666363912.590874	-147
1666363912.595271	-148
1666363912.599412	-149
1666363912.603533	-149
1666363912.607527	-150
1666363912.611708	-151
1666363912.616025	-152
1666363912.620196	-153
1666363912.624303	-154
1666363912.628379	-154
1666363912.632462	-155
1666363912.636600	-156
1666363912.640816	-157
1666363912.645106	-158
1666363912.649273	-159
1666363912.653334	-159
1666363912.657346	-160
1666363912.661467	-161
1666363912.665805	-162
1666363912.669766	-163
1666363912.674155	-164
1666363912.678250	-164
1666363912.682265	-165
1666363912.686421	-166
1666363912.690593	-167
1666363912.694948	-168
1666363912.699084	-169
1666363912.703263	-169
1666363912.707218	-170
1666363912.711546	-171
1666363912.715718	-172
1666363912.719883	-173
1666363912.724059	-174
1666363912.728131	-174
1666363912.732132	-175
1666363912.736469	-176
1666363912.740457	-177
1666363912.744806	-178
1666363912.748950	-179
1666363912.753089	-179
1666363912.757124	-180
1666363912.761385	-181
1666363912.765502	-182
1666363912.769823	-183
1666363912.773661	-183
1666363912.777958	-184
1666363912.781984	-185
1666363912.786216	-186
1666363912.790314	-187
1666363912.794636	-188
1666363912.798849	-188
1666363912.802994	-189
1666363912.806915	-190
1666363912.811086	-191
1666363912.815480	-192
1666363912.819592	-193
1666363912.823746	-193
1666363912.827888	-194
1666363912.831910	-195
1666363912.836158	-196
1666363912.840240	-197
1666363912.844488	-198
1666363912.848626	-198
1666363912.852807	-199
1666363912.856787	-200
1666363912.860954	-201
1666363912.865305	-202
1666363912.869455	-203
1666363912.873562	-203
1666363912.877737	-204
1666363912.881713	-205
1666363912.886069	-206
1666363912.890203	-207
1666363912.894300	-208
1666363912.898439	-208
1666363912.902465	-209
1666363912.906625	-210
1666363912.910868	-211
1666363912.915049	-212
1666363912.919228	-213
1666363912.923370	-213
1666363912.927440	-214
1666363912.931595	-215
1666363912.935674	-216
1666363912.940054	-217
1666363912.944212	-218
1666363912.948286	-218
1666363912.952498	-219
1666363912.956525	-220
1666363912.960620	-221
1666363912.964997	-222
1666363912.969107	-223
1666363912.973311	-223
1666363912.977430	-224
1666363912.981469	-225
1666363912.985565	-226
1666363912.989899	-227
1666363912.994041	-228
1666363912.998240	-228
1666363913.002367	-229
1666363913.006396	-230
1666363913.010456	-231
1666363913.014675	-232
1666363913.019094	-233
1666363913.023192	-233
1666363913.027355	-234
1666363913.031415	-235
1666363913.035472	-236
1666363913.039592	-237
1666363913.043911	-238
1666363913.048158	-238
1666363913.052283	-239
1666363913.056317	-240
1666363913.060355	-241
1666363913.064672	-242
1666363913.068853	-243
1666363913.073012	-243
1666363913.077147	-244
1666363913.081242	-245
1666363913.085240	-246
1666363913.089626	-247
1666363913.093642	-248
1666363913.097975	-248
1666363913.102060	-249
1666363913.106111	-250
1666363913.110153	-251
1666363913.114337	-252
1666363913.118613	-253
1666363913.122876	-253
1666363913.126997	-254
1666363913.131060	-255
1666363913.135171	-256
1666363913.139458	-257
1666363913.143632	-258
1666363913.147904	-258
1666363913.152012	-259
1666363913.156010	-260
1666363913.160217	-261
1666363913.164326	-262
1666363913.168659	-263
1666363913.172868	-263
1666363913.176904	-264
1666363913.181001	-265
1666363913.185174	-266
1666363913.189437	-267
1666363913.193680	-268
1666363913.197930	-268
1666363913.201892	-269
1666363913.206035	-270
1666363913.210177	-271
1666363913.214457	-272
1666363913.218683	-273
1666363913.222779	-273
1666363913.226808	-274
1666363913.231148	-275
1666363913.235378	-276
1666363913.239579	-277
1666363913.243690	-278
1666363913.247723	-278
1666363913.251822	-279
1666363913.256240	-280
1666363913.260381	-281
1666363913.264567	-282
1666363913.268701	-283
1666363913.272683	-283
1666363913.276854	-284
1666363913.281172	-285
1666363913.285420	-286
1666363913.289590	-287
1666363913.293638	-288
1666363913.297695	-288
1666363913.301855	-289
1666363913.306076	-290
1666363913.310549	-291
1666363913.314637	-292
1666363913.318625	-293
1666363913.322886	-293
1666363913.327016	-294
1666363913.331332	-295
1666363913.335492	-296
1666363913.339551	-297
1666363913.343614	-298
1666363913.347797	-298
1666363913.352160	-299
1666363913.356305	-300
1666363913.360442	-301
1666363913.364434	-302
1666363913.368749	-303
1666363913.373012	-303
1666363913.376944	-304
1666363913.381347	-305
1666363913.385416	-306
1666363913.389548	-307
1666363913.393707	-308
1666363913.397782	-308
1666363913.402188	-309
1666363913.406366	-310
1666363913.410298	-311
1666363913.414496	-312
1666363913.418799	-313
1666363913.422967	-313
1666363913.427013	-314
1666363913.431253	-315
1666363913.435306	-316
1666363913.439552	-317
1666363913.443639	-318
1666363913.447960	-318
1666363913.452271	-319
1666363913.456273	-320
1666363913.460398	-321
1666363913.464737	-322
1666363913.468903	-323
1666363913.473040	-323
1666363913.477187	-324
1666363913.481268	-325
1666363913.485579	-326
1666363913.489778	-327
1666363913.493898	-328
1666363913.498097	-329
1666363913.502139	-329
1666363913.506203	-330
1666363913.510365	-331
1666363913.514812	-332
1666363913.518955	-333
1666363913.523047	-334
1666363913.527025	-334
1666363913.531517	-335
1666363913.535669	-336
1666363913.539697	-337
1666363913.543958	-338
1666363913.547947	-339
1666363913.552067	-339
1666363913.556384	-340
1666363913.560632	-341
1666363913.564802	-342
1666363913.568874	-343
1666363913.572959	-344
1666363913.577100	-344
1666363913.581474	-345
1666363913.585649	-346
1666363913.589848	-347
1666363913.593889	-348
1666363913.597922	-349
1666363913.602149	-349
1666363913.606489	-350
1666363913.610669	-351
1666363913.614797	-352
1666363913.618764	-353
1666363913.623105	-354
1666363913.627260	-354
1666363913.631456	-355
1666363913.635645	-356
1666363913.639692	-357
1666363913.643795	-358
1666363913.648189	-359
1666363913.652281	-359
1666363913.656506	-360
1666363913.660697	-361
1666363913.664660	-362
1666363913.668949	-363
1666363913.673174	-364
1666363913.677346	-364
1666363913.681544	-365
1666363913.685570	-366
1666363913.689788	-367
1666363913.693877	-368
1666363913.698186	-369
1666363913.702449	-369
1666363913.706578	-370
1666363913.710541	-371
1666363913.714659	-372
1666363913.719196	-373
1666363913.723203	-374
1666363913.727373	-374
1666363913.731462	-375
1666363913.735555	-376
1666363913.739881	-377
1666363913.744053	-378
1666363913.748243	-379
1666363913.752377	-379
1666363913.756390	-380
1666363913.760614	-381
1666363913.764992	-382
1666363913.768938	-383
1666363913.773274	-384
1666363913.777382	-384
1666363913.781435	-385
1666363913.785725	-386
1666363913.789871	-387
1666363913.794068	-388
1666363913.798207	-389
1666363913.802333	-389
1666363913.806554	-390
1666363913.810569	-391
1666363913.814959	-392
1666363913.819125	-393
1666363913.823211	-394
1666363913.827298	-394
1666363913.831671	-395
1666363913.835694	-396
1666363913.839963	-397
1666363913.844117	-398
1666363913.848186	-399
1666363913.852280	-399
1666363913.856656	-400
1666363913.860800	-401
1666363913.864763	-402
1666363913.869078	-403
1666363913.873106	-404
1666363913.877469	-404
1666363913.881514	-405
1666363913.885982	-406
1666363913.889963	-407
1666363913.893965	-408
1666363913.898162	-409
1666363913.902476	-409
1666363913.906615	-410
1666363913.910662	-411
1666363913.914910	-412
1666363913.918945	-413
1666363913.923316	-414
1666363913.927289	-414
1666363913.931602	-415
1666363913.935858	-416
1666363913.939903	-417
1666363913.943985	-418
1666363913.948373	-419
1666363913.952525	-420
1666363913.956663	-420
1666363913.960651	-421
1666363913.964839	-422
1666363913.969156	-423
1666363913.973318	-424
1666363913.977383	-425
1666363913.981586	-425
1666363913.985736	-426
1666363913.989830	-427
1666363913.994033	-428
1666363913.998364	-429
1666363914.002556	-430
1666363914.006675	-430
1666363914.010710	-431
1666363914.015053	-432
1666363914.019195	-433
1666363914.023368	-434
1666363914.027435	-435
1666363914.031729	-435
1666363914.035800	-436
1666363914.039946	-437
1666363914.044056	-438
1666363914.048426	-439
1666363914.052492	-440
1666363914.056610	-440
1666363914.060789	-441
1666363914.064992	-442
1666363914.069202	-443
1666363914.073399	-444
1666363914.077423	-445
1666363914.081606	-445
1666363914.085785	-446
1666363914.090055	-447
1666363914.094098	-448
1666363914.098377	-449
1666363914.102438	-450
1666363914.106628	-450
1666363914.110733	-451
1666363914.115064	-452
1666363914.119292	-453
1666363914.123392	-454
1666363914.127445	-455
1666363914.131791	-455
1666363914.135928	-456
1666363914.139938	-457
1666363914.144136	-458
1666363914.148310	-459
1666363914.152446	-460
1666363914.156803	-460
1666363914.160769	-461
1666363914.165125	-462
1666363914.169261	-463
1666363914.173332	-464
1666363914.177466	-465
1666363914.181839	-465
1666363914.185852	-466
1666363914.190122	-467
1666363914.194165	-468
1666363914.198412	-469
1666363914.202616	-470
1666363914.206849	-470
1666363914.210821	-471
1666363914.215153	-472
1666363914.219218	-473
1666363914.223388	-474
1666363914.227527	-475
1666363914.231808	-475
1666363914.235998	-476
1666363914.239999	-477
1666363914.244215	-478
1666363914.248430	-479
1666363914.252718	-480
1666363914.256842	-480
1666363914.260855	-481
1666363914.265090	-482
1666363914.269409	-483
1666363914.273573	-484
1666363914.277558	-485
1666363914.281830	-485
1666363914.285874	-486
1666363914.290051	-487
1666363914.294201	-488
1666363914.298599	-489
1666363914.302719	-490
1666363914.306896	-490
1666363914.310941	-491
1666363914.315268	-492
1666363914.319411	-493
1666363914.323641	-494
1666363914.327545	-495
1666363914.331836	-495
1666363914.335945	-496
1666363914.340115	-497
1666363914.344251	-498
1666363914.348395	-499
1666363914.352705	-500
1666363914.356777	-500
1666363914.361109	-500
1666363914.363380	-500
1666363914.377105	-499
1666363914.381309	-499
1666363914.385436	-498
1666363914.389587	-497
1666363914.393677	-496
1666363914.397892	-495
1666363914.401939	-494
1666363914.406294	-494
1666363914.410481	-493
1666363914.414610	-492
1666363914.418666	-491
1666363914.422894	-490
1666363914.427167	-489
1666363914.431171	-489
1666363914.435463	-488
1666363914.439511	-487
1666363914.443663	-486
1666363914.448006	-485
1666363914.452240	-484
1666363914.456208	-484
1666363914.460309	-483
1666363914.464484	-482
1666363914.468641	-481
1666363914.473034	-480
1666363914.477189	-479
1666363914.481321	-479
1666363914.485365	-478
1666363914.489605	-477
1666363914.493745	-476
1666363914.498056	-475
1666363914.501991	-474
1666363914.506325	-474
1666363914.510366	-473
1666363914.514653	-472
1666363914.518825	-471
1666363914.522849	-470
1666363914.527203	-469
1666363914.531273	-469
1666363914.535376	-468
1666363914.539716	-467
1666363914.543785	-466
1666363914.547889	-465
1666363914.552200	-464
1666363914.556224	-464
1666363914.560542	-463
1666363914.564535	-462
1666363914.568913	-461
1666363914.573106	-460
1666363914.577137	-459
1666363914.581217	-459
1666363914.585395	-458
1666363914.589725	-457
1666363914.593919	-456
1666363914.598108	-455
1666363914.602075	-454
1666363914.606223	-454
1666363914.610424	-453
1666363914.614765	-452
1666363914.618939	-451
1666363914.623040	-450
1666363914.627086	-449
1666363914.631455	-449
1666363914.635617	-448
1666363914.639853	-447
1666363914.643936	-446
1666363914.647966	-445
1666363914.652103	-444
1666363914.656259	-444
1666363914.660627	-443
1666363914.664813	-442
1666363914.668888	-441
1666363914.673101	-440
1666363914.677221	-439
1666363914.681469	-439
1666363914.685660	-438
1666363914.689795	-437
1666363914.693847	-436
1666363914.698012	-435
1666363914.702287	-434
1666363914.706497	-433
1666363914.710624	-433
1666363914.714780	-432
1666363914.718804	-431
1666363914.722966	-430
1666363914.727160	-429
1666363914.731329	-428
1666363914.735705	-428
1666363914.739773	-427
1666363914.743890	-426
1666363914.748240	-425
1666363914.752406	-424
1666363914.756566	-423
1666363914.760725	-423
1666363914.764743	-422
1666363914.768855	-421
1666363914.773045	-420
1666363914.777558	-419
1666363914.781522	-418
1666363914.785662	-418
1666363914.789840	-417
1666363914.793914	-416
1666363914.798227	-415
1666363914.802393	-414
1666363914.806551	-413
1666363914.810526	-413
1666363914.814857	-412
1666363914.819101	-411
1666363914.823261	-410
1666363914.827467	-409
1666363914.831508	-408
1666363914.835596	-408
1666363914.839723	-407
1666363914.844063	-406
1666363914.848247	-405
1666363914.852385	-404
1666363914.856399	-403
1666363914.860638	-403
1666363914.864904	-402
1666363914.869108	-401
1666363914.873301	-400
1666363914.877353	-399
1666363914.881451	-398
1666363914.885882	-398
1666363914.890017	-397
1666363914.894097	-396
1666363914.898139	-395
1666363914.902322	-394
1666363914.906801	-393
1666363914.910822	-393
1666363914.915005	-392
1666363914.919106	-391
1666363914.923197	-390
1666363914.927382	-389
1666363914.931690	-388
1666363914.935739	-388
1666363914.939922	-387
1666363914.944191	-386
1666363914.948155	-385
1666363914.952305	-384
1666363914.956489	-383
1666363914.960822	-383
1666363914.964803	-382
1666363914.969133	-381
1666363914.973224	-380
1666363914.977363	-379
1666363914.981525	-378
1666363914.985865	-378
1666363914.989999	-377
1666363914.993971	-376
1666363914.998181	-375
1666363915.002429	-374
1666363915.006715	-373
1666363915.010868	-373
1666363915.014962	-372
1666363915.019035	-371
1666363915.023283	-370
1666363915.027346	-369
1666363915.031691	-368
1666363915.035863	-368
1666363915.039882	-367
1666363915.044051	-366
1666363915.048400	-365
1666363915.052572	-364
1666363915.056576	-363
1666363915.060854	-363
1666363915.064870	-362
1666363915.069209	-361
1666363915.073419	-360
1666363915.077592	-359
1666363915.081771	-358
1666363915.085812	-358
1666363915.089922	-357
1666363915.094057	-356
1666363915.098439	-355
1666363915.102432	-354
1666363915.106601	-353
1666363915.110734	-353
1666363915.114911	-352
1666363915.119247	-351
1666363915.123317	-350
1666363915.127488	-349
1666363915.131788	-348
1666363915.136010	-348
1666363915.139998	-347
1666363915.144133	-346
1666363915.148331	-345
1666363915.152464	-344
1666363915.156686	-343
1666363915.160954	-342
1666363915.165037	-342
1666363915.169180	-341
1666363915.173467	-340
1666363915.177536	-339
1666363915.181889	-338
1666363915.185814	-337
1666363915.190108	-337
1666363915.194312	-336
1666363915.198516	-335
1666363915.202524	-334
1666363915.206834	-333
1666363915.210987	-332
1666363915.215216	-332
1666363915.219338	-331
1666363915.223390	-330
1666363915.227549	-329
1666363915.231884	-328
1666363915.235965	-327
1666363915.240167	-327
1666363915.244199	-326
1666363915.248551	-325
1666363915.252690	-324
1666363915.256734	-323
1666363915.261020	-322
1666363915.265212	-322
1666363915.269297	-321
1666363915.273398	-320
1666363915.277547	-319
1666363915.281848	-318
1666363915.286068	-317
1666363915.290148	-317
1666363915.294234	-316
1666363915.298602	-315
1666363915.302593	-314
1666363915.306847	-313
1666363915.310924	-312
1666363915.315314	-312
1666363915.319366	-311
1666363915.323482	-310
1666363915.327712	-309
1666363915.331952	-308
1666363915.335931	-307
1666363915.340087	-307
1666363915.344219	-306
1666363915.348673	-305
1666363915.352707	-304
1666363915.356783	-303
1666363915.361057	-302
1666363915.365230	-302
1666363915.369264	-301
1666363915.373472	-300
1666363915.377703	-299
1666363915.382029	-298
1666363915.385955	-297
1666363915.390135	-297
1666363915.394477	-296
1666363915.398499	-295
1666363915.402662	-294
1666363915.406888	-293
1666363915.411122	-292
1666363915.415351	-292
1666363915.419402	-291
1666363915.423576	-290
1666363915.427765	-289
1666363915.431858	-288
1666363915.436121	-287
1666363915.440290	-287
1666363915.444461	-286
1666363915.448689	-285
1666363915.452796	-284
1666363915.456841	-283
1666363915.460987	-282
1666363915.465361	-282
1666363915.469473	-281
1666363915.473605	-280
1666363915.477756	-279
1666363915.482078	-278
1666363915.486156	-277
1666363915.490296	-277
1666363915.494485	-276
1666363915.498791	-275
1666363915.502755	-274
1666363915.506979	-273
1666363915.511200	-272
1666363915.515469	-272
1666363915.519488	-271
1666363915.523625	-270
1666363915.527690	-269
1666363915.532096	-268
1666363915.536209	-267
1666363915.540367	-267
1666363915.544523	-266
1666363915.548750	-265
1666363915.552832	-264
1666363915.556868	-263
1666363915.561203	-262
1666363915.565486	-262
1666363915.569476	-261
1666363915.573592	-260
1666363915.577874	-259
1666363915.582075	-258
1666363915.586221	-257
1666363915.590350	-256
1666363915.594441	-256
1666363915.598776	-255
1666363915.602835	-254
1666363915.607006	-253
1666363915.611171	-252
1666363915.615449	-252
1666363915.619375	-251
1666363915.623572	-250
1666363915.627757	-249
1666363915.631973	-248
1666363915.636106	-247
1666363915.640251	-247
1666363915.644299	-246
1666363915.648453	-245
1666363915.652772	-244
1666363915.656845	-243
1666363915.661011	-242
1666363915.665118	-242
1666363915.669252	-241
1666363915.673381	-240
1666363915.677478	-239
1666363915.681752	-238
1666363915.685948	-237
1666363915.690133	-237
1666363915.694198	-236
1666363915.698323	-235
1666363915.702552	-234
1666363915.706692	-233
1666363915.710848	-232
1666363915.714898	-232
1666363915.719201	-231
1666363915.723338	-230
1666363915.727467	-229
1666363915.731586	-228
1666363915.735763	-227
1666363915.739940	-227
1666363915.744019	-226
1666363915.748124	-225
1666363915.752405	-224
1666363915.756488	-223
1666363915.760693	-222
1666363915.764779	-222
1666363915.768912	-221
1666363915.773120	-220
1666363915.777325	-219
1666363915.781425	-218
1666363915.785575	-217
1666363915.789712	-217
1666363915.793845	-216
1666363915.798023	-215
1666363915.802186	-214
1666363915.806314	-213
1666363915.810449	-212
1666363915.814627	-212
1666363915.818783	-211
1666363915.822895	-210
1666363915.827087	-209
1666363915.831252	-208
1666363915.835380	-207
1666363915.839514	-207
1666363915.843672	-206
1666363915.847791	-205
1666363915.852078	-204
1666363915.856133	-203
1666363915.860429	-202
1666363915.864612	-202
1666363915.868744	-201
1666363915.872887	-200
1666363915.876941	-199
1666363915.881073	-198
1666363915.885399	-197
1666363915.889498	-197
1666363915.893603	-196
1666363915.897706	-195
1666363915.901985	-194
1666363915.906009	-193
1666363915.910249	-192
1666363915.914355	-192
1666363915.918447	-191
1666363915.922565	-190
1666363915.926901	-189
1666363915.931112	-188
1666363915.935284	-187
1666363915.939390	-187
1666363915.943449	-186
1666363915.947524	-185
1666363915.951651	-184
1666363915.956010	-183
1666363915.960150	-182
1666363915.964289	-182
1666363915.968443	-181
1666363915.972483	-180
1666363915.976895	-179
1666363915.980807	-178
1666363915.985113	-177
1666363915.989304	-177
1666363915.993382	-176
1666363915.997419	-175
1666363916.001568	-174
1666363916.005683	-173
1666363916.010068	-172
1666363916.014188	-172
1666363916.018322	-171
1666363916.022311	-170
1666363916.026452	-169
1666363916.030572	-168
1666363916.034959	-167
1666363916.039143	-167
1666363916.043138	-166
1666363916.047216	-165
1666363916.051420	-164
1666363916.055791	-163
1666363916.059854	-162
1666363916.063999	-162
1666363916.068145	-161
1666363916.072157	-160
1666363916.076596	-159
1666363916.080471	-158
1666363916.084749	-158
1666363916.088981	-157
1666363916.093105	-156
1666363916.097148	-155
1666363916.101555	-154
1666363916.105614	-153
1666363916.109664	-153
1666363916.113849	-152
1666363916.117842	-151
1666363916.122083	-150
1666363916.126247	-149
1666363916.130306	-148
1666363916.134720	-148
1666363916.138887	-147
1666363916.143001	-146
1666363916.147042	-145
1666363916.151464	-144
1666363916.155195	-143
1666363916.159603	-143
1666363916.163672	-142
1666363916.167694	-141
1666363916.171910	-140
1666363916.176035	-139
1666363916.180162	-138
1666363916.184537	-138
1666363916.188690	-137
1666363916.192868	-136
1666363916.196890	-135
1666363916.201338	-134
1666363916.205152	-133
1666363916.209328	-133
1666363916.213620	-132
1666363916.217787	-131
1666363916.221765	-130
1666363916.225872	-129
1666363916.229994	-128
1666363916.234351	-128
1666363916.238455	-127
1666363916.242599	-126
1666363916.246640	-125
1666363916.250767	-124
1666363916.254937	-123
1666363916.259394	-123
1666363916.263472	-122
1666363916.267579	-121
1666363916.271638	-120
1666363916.275747	-119
1666363916.280061	-118
1666363916.284181	-118
1666363916.288172	-117
1666363916.292537	-116
1666363916.296455	-115
1666363916.300613	-114
1666363916.305000	-113
1666363916.309149	-113
1666363916.313299	-112
1666363916.317430	-111
1666363916.321551	-110
1666363916.325580	-109
1666363916.329927	-108
1666363916.334136	-108
1666363916.338009	-107
1666363916.342403	-106
1666363916.346447	-105
1666363916.350490	-104
1666363916.354670	-103
1666363916.358834	-103
1666363916.363225	-102
1666363916.367299	-101
1666363916.371301	-100
1666363916.375349	-99
1666363916.379579	-98
1666363916.383765	-98
1666363916.387931	-97
1666363916.392066	-96
1666363916.396189	-95
1666363916.400289	-94
1666363916.404263	-93
1666363916.408355	-93
1666363916.412452	-92
1666363916.416630	-91
1666363916.420883	-90
1666363916.425040	-89
1666363916.428946	-89
1666363916.433226	-88
1666363916.437208	-87
1666363916.441293	-86
1666363916.445431	-85
1666363916.449752	-84
1666363916.453897	-84
1666363916.457988	-83
1666363916.462126	-82
1666363916.466199	-81
1666363916.470170	-80
1666363916.474445	-79
1666363916.478447	-79
1666363916.482547	-78
1666363916.486722	-77
1666363916.490807	-76
1666363916.494924	-75
1666363916.499013	-75
1666363916.503164	-74
1666363916.507254	-73
1666363916.511536	-72
1666363916.515585	-71
1666363916.519793	-70
1666363916.523710	-70
1666363916.527920	-69
1666363916.532004	-68
1666363916.536315	-67
1666363916.540220	-66
1666363916.544472	-65
1666363916.548591	-65
1666363916.552618	-64
1666363916.556822	-63
1666363916.560810	-62
1666363916.564897	-61
1666363916.569050	-60
1666363916.573228	-60
1666363916.577393	-59
1666363916.581576	-58
1666363916.585666	-57
1666363916.589648	-56
1666363916.593766	-56
1666363916.597861	-55
1666363916.602043	-54
1666363916.606337	-53
1666363916.610419	-52
1666363916.614560	-51
1666363916.618663	-51
1666363916.622693	-50
1666363916.626695	-49
1666363916.630867	-48
1666363916.635006	-47
1666363916.639281	-46
1666363916.643419	-46
1666363916.647521	-45
1666363916.651640	-44
1666363916.655620	-43
1666363916.659756	-42
1666363916.663832	-42
1666363916.668166	-41
1666363916.672261	-40
1666363916.676390	-39
1666363916.680520	-38
1666363916.684547	-37
1666363916.688528	-37
1666363916.692795	-36
1666363916.696773	-35
1666363916.701059	-34
1666363916.705252	-33
1666363916.709352	-32
1666363916.713449	-32
1666363916.717378	-31
1666363916.721511	-30
1666363916.725859	-29
1666363916.729781	-28
1666363916.734087	-27
1666363916.738205	-27
1666363916.742306	-26
1666363916.746184	-25
1666363916.750334	-24
1666363916.754609	-23
1666363916.758759	-23
1666363916.762714	-22
1666363916.767020	-21
1666363916.770967	-20
1666363916.775337	-19
1666363916.779185	-18
1666363916.783351	-18
1666363916.787568	-17
1666363916.791775	-16
1666363916.795649	-15
1666363916.800039	-14
1666363916.804135	-13
1666363916.808228	-13
1666363916.812214	-12
1666363916.816341	-11
1666363916.820399	-10
1666363916.824755	-9
1666363916.828823	-9
1666363916.832918	-8
1666363916.836942	-7
1666363916.841055	-6
1666363916.845139	-5
1666363916.849149	-4
1666363916.853172	-4
1666363916.857276	-3
1666363916.861350	-2
1666363916.865600	-1
1666363916.869575	0
1666363916.873473	0
1666363916.877921	0
1666363916.879808	0
1666363916.881699	0
1666363916.886015	0
1666363916.888001	0
1666363916.901639	-1
1666363916.905674	-1
1666363916.909791	-2
1666363916.913835	-3
1666363916.917861	-4
1666363916.921977	-5
1666363916.926115	-5
1666363916.930103	-6
1666363916.934194	-7
1666363916.938436	-8
1666363916.942582	-9
1666363916.946671	-10
1666363916.950800	-10
1666363916.954872	-11
1666363916.958865	-12
1666363916.963061	-13
1666363916.967247	-14
1666363916.971396	-14
1666363916.975511	-15
1666363916.979659	-16
1666363916.983792	-17
1666363916.987672	-18
1666363916.991923	-19
1666363916.995878	-19
1666363917.000121	-20
1666363917.004325	-21
1666363917.008472	-22
1666363917.012541	-23
1666363917.016685	-24
1666363917.020665	-24
1666363917.024826	-25
1666363917.029036	-26
1666363917.033219	-27
1666363917.037309	-28
1666363917.041445	-29
1666363917.045508	-29
1666363917.049526	-30
1666363917.053654	-31
1666363917.057695	-32
1666363917.061869	-33
1666363917.066100	-33
1666363917.070228	-34
1666363917.074374	-35
1666363917.078487	-36
1666363917.082444	-37
1666363917.086573	-38
1666363917.090686	-38
1666363917.094930	-39
1666363917.099151	-40
1666363917.103286	-41
1666363917.107397	-42
1666363917.111397	-43
1666363917.115452	-43
1666363917.119568	-44
1666363917.123730	-45
1666363917.127984	-46
1666363917.132118	-47
1666363917.136222	-47
1666363917.140391	-48
1666363917.144384	-49
1666363917.148398	-50
1666363917.152543	-51
1666363917.156907	-52
1666363917.160943	-52
1666363917.165059	-53
1666363917.169196	-54
1666363917.173290	-55
1666363917.177273	-56
1666363917.181499	-57
1666363917.185709	-57
1666363917.189698	-58
1666363917.193911	-59
1666363917.198032	-60
1666363917.202146	-61
1666363917.206139	-62
1666363917.210193	-62
1666363917.214303	-63
1666363917.218553	-64
1666363917.222651	-65
1666363917.226888	-66
1666363917.230999	-66
1666363917.235080	-67
1666363917.239081	-68
1666363917.243159	-69
1666363917.247467	-70
1666363917.251621	-71
1666363917.255708	-71
1666363917.259863	-72
1666363917.263974	-73
1666363917.267991	-74
1666363917.272014	-75
1666363917.276133	-76
1666363917.280226	-76
1666363917.284538	-77
1666363917.288713	-78
1666363917.292793	-79
1666363917.296911	-80
1666363917.300900	-81
1666363917.304942	-81
1666363917.309096	-82
1666363917.313220	-83
1666363917.317557	-84
1666363917.321433	-85
1666363917.325761	-85
1666363917.329861	-86
1666363917.333830	-87
1666363917.338016	-88
1666363917.342039	-89
1666363917.346493	-90
1666363917.350474	-90
1666363917.354640	-91
1666363917.358508	-92
1666363917.362653	-93
1666363917.366766	-94
1666363917.370908	-95
1666363917.375044	-95
1666363917.379281	-96
1666363917.383264	-97
1666363917.387541	-98
1666363917.391798	-99
1666363917.395859	-99
1666363917.399810	-100
1666363917.404099	-101
1666363917.408255	-102
1666363917.412383	-103
1666363917.416468	-104
1666363917.420582	-104
1666363917.424818	-105
1666363917.429051	-106
1666363917.433229	-107
1666363917.437349	-108
1666363917.441522	-109
1666363917.445543	-109
1666363917.449741	-110
1666363917.453794	-111
1666363917.458176	-112
1666363917.462265	-113
1666363917.466246	-114
1666363917.470421	-114
1666363917.474599	-115
1666363917.478702	-116
1666363917.482879	-117
1666363917.487016	-118
1666363917.491185	-119
1666363917.495282	-119
1666363917.499593	-120
1666363917.503674	-121
1666363917.507720	-122
1666363917.511989	-123
1666363917.516116	-124
1666363917.520248	-124
1666363917.524415	-125
1666363917.528557	-126
1666363917.532753	-127
1666363917.536930	-128
1666363917.541030	-129
1666363917.545231	-129
1666363917.549286	-130
1666363917.553481	-131
1666363917.557661	-132
1666363917.561774	-133
1666363917.565925	-134
1666363917.570101	-134
1666363917.574221	-135
1666363917.578451	-136
1666363917.582619	-137
1666363917.586723	-138
1666363917.590900	-139
1666363917.595029	-139
1666363917.599206	-140
1666363917.603368	-141
1666363917.607481	-142
1666363917.611696	-143
1666363917.615807	-144
1666363917.619939	-144
1666363917.624067	-145
1666363917.628285	-146
1666363917.632534	-147
1666363917.636700	-148
1666363917.640866	-149
1666363917.644963	-149
1666363917.649076	-150
1666363917.653331	-151
1666363917.657510	-152
1666363917.661686	-153
1666363917.665805	-154
1666363917.669792	-154
1666363917.673995	-155
1666363917.678080	-156
1666363917.682394	-157
1666363917.686549	-158
1666363917.690693	-159
1666363917.694774	-159
1666363917.698901	-160
1666363917.703167	-161
1666363917.707324	-162
1666363917.711478	-163
1666363917.715680	-164
1666363917.719694	-164
1666363917.723827	-165
1666363917.728105	-166
1666363917.732152	-167
1666363917.736313	-168
1666363917.740445	-169
1666363917.744578	-169
1666363917.748780	-170
1666363917.752925	-171
1666363917.757076	-172
1666363917.761208	-173
1666363917.765430	-174
1666363917.769565	-174
1666363917.773709	-175
1666363917.777869	-176
1666363917.782016	-177
1666363917.786152	-178
1666363917.790282	-179
1666363917.794459	-179
1666363917.798645	-180
1666363917.802733	-181
1666363917.806942	-182
1666363917.811125	-183
1666363917.815587	-183
1666363917.819483	-184
1666363917.823466	-185
1666363917.827804	-186
1666363917.831917	-187
1666363917.836082	-188
1666363917.840213	-188
1666363917.844264	-189
1666363917.848443	-190
1666363917.852842	-191
1666363917.856910	-192
1666363917.861046	-193
1666363917.865194	-193
1666363917.869188	-194
1666363917.873370	-195
1666363917.877508	-196
1666363917.881701	-197
1666363917.885959	-198
1666363917.890028	-198
1666363917.894260	-199
1666363917.898284	-200
1666363917.902441	-201
1666363917.906815	-202
1666363917.910894	-203
1666363917.915047	-203
1666363917.919189	-204
1666363917.923219	-205
1666363917.927611	-206
1666363917.931571	-207
1666363917.935684	-208
1666363917.939785	-208
1666363917.944079	-209
1666363917.948332	-210
1666363917.952303	-211
1666363917.956586	-212
1666363917.960787	-213
1666363917.964895	-213
1666363917.968909	-214
1666363917.973023	-215
1666363917.977165	-216
1666363917.981461	-217
1666363917.985619	-218
1666363917.989673	-218
1666363917.993953	-219
1666363917.998069	-220
1666363918.002194	-221
1666363918.006487	-222
1666363918.010578	-223
1666363918.014713	-223
1666363918.018843	-224
1666363918.022880	-225
1666363918.027061	-226
1666363918.031228	-227
1666363918.035484	-228
1666363918.039499	-228
1666363918.043792	-229
1666363918.047870	-230
1666363918.051989	-231
1666363918.056127	-232
1666363918.060433	-233
1666363918.064471	-233
1666363918.068798	-234
1666363918.072809	-235
1666363918.076938	-236
1666363918.081069	-237
1666363918.085228	-238
1666363918.089514	-238
1666363918.093661	-239
1666363918.097818	-240
1666363918.101883	-241
1666363918.106041	-242
1666363918.110290	-243
1666363918.114396	-243
1666363918.118570	-244
1666363918.122628	-245
1666363918.126761	-246
1666363918.131076	-247
1666363918.135225	-248
1666363918.139294	-248
1666363918.143446	-249
1666363918.147683	-250
1666363918.151844	-251
1666363918.155993	-252
1666363918.160171	-253
1666363918.164285	-253
1666363918.168373	-254
1666363918.172517	-255
1666363918.176656	-256
1666363918.180925	-257
1666363918.184991	-258
1666363918.189173	-258
1666363918.193341	-259
1666363918.197586	-260
1666363918.201726	-261
1666363918.205861	-262
1666363918.210034	-263
1666363918.214288	-263
1666363918.218388	-264
1666363918.222657	-265
1666363918.226800	-266
1666363918.230851	-267
1666363918.235104	-268
1666363918.239156	-268
1666363918.243325	-269
1666363918.247595	-270
1666363918.251679	-271
1666363918.256017	-272
1666363918.260066	-273
1666363918.264297	-273
1666363918.268419	-274
1666363918.272554	-275
1666363918.276717	-276
1666363918.280947	-277
1666363918.285020	-278
1666363918.289197	-278
1666363918.293405	-279
1666363918.297658	-280
1666363918.301854	-281
1666363918.306050	-282
1666363918.310172	-283
1666363918.314284	-283
1666363918.318570	-284
1666363918.322597	-285
1666363918.326896	-286
1666363918.330896	-287
1666363918.335071	-288
1666363918.339518	-288
1666363918.343410	-289
1666363918.347656	-290
1666363918.351890	-291
1666363918.356008	-292
1666363918.360081	-293
1666363918.364280	-293
1666363918.368445	-294
1666363918.372627	-295
1666363918.376864	-296
1666363918.381029	-297
1666363918.385281	-298
1666363918.389381	-298
1666363918.393558	-299
1666363918.397687	-300
1666363918.401879	-301
1666363918.406063	-302
1666363918.410232	-303
1666363918.414362	-303
1666363918.418606	-304
1666363918.422799	-305
1666363918.426817	-306
1666363918.430959	-307
1666363918.435279	-308
1666363918.439447	-308
1666363918.443608	-309
1666363918.447732	-310
1666363918.451789	-311
1666363918.455992	-312
1666363918.460427	-313
1666363918.464435	-313
1666363918.468691	-314
1666363918.472695	-315
1666363918.476844	-316
1666363918.480975	-317
1666363918.485351	-318
1666363918.489469	-318
1666363918.493645	-319
1666363918.497692	-320
1666363918.501865	-321
1666363918.506211	-322
1666363918.510324	-323
1666363918.514390	-323
1666363918.518624	-324
1666363918.522667	-325
1666363918.527000	-326
1666363918.531067	-327
1666363918.535352	-328
1666363918.539440	-329
1666363918.543617	-329
1666363918.547763	-330
1666363918.552073	-331
1666363918.556040	-332
1666363918.560400	-333
1666363918.564433	-334
1666363918.568542	-334
1666363918.572701	-335
1666363918.576998	-336
1666363918.581010	-337
1666363918.585242	-338
1666363918.589406	-339
1666363918.593540	-339
1666363918.597816	-340
1666363918.602110	-341
1666363918.606210	-342
1666363918.610385	-343
1666363918.614438	-344
1666363918.618711	-344
1666363918.622751	-345
1666363918.627053	-346
1666363918.631080	-347
1666363918.635256	-348
1666363918.639405	-349
1666363918.643814	-349
1666363918.647765	-350
1666363918.651987	-351
1666363918.656253	-352
1666363918.660321	-353
1666363918.664406	-354
1666363918.668796	-354
1666363918.672948	-355
1666363918.677136	-356
1666363918.681175	-357
1666363918.685390	-358
1666363918.689646	-359
1666363918.693829	-359
1666363918.697858	-360
1666363918.702136	-361
1666363918.706179	-362
1666363918.710345	-363
1666363918.714550	-364
1666363918.718841	-364
1666363918.722995	-365
1666363918.727036	-366
1666363918.731195	-367
1666363918.735462	-368
1666363918.739656	-369
1666363918.743810	-369
1666363918.747838	-370
1666363918.755584	-371
1666363918.759330	-372
1666363918.763158	-373
1666363918.767535	-374
1666363918.771444	-375
1666363918.775671	-376
1666363918.779859	-377
1666363918.784000	-377
1666363918.788125	-378
1666363918.792438	-379
1666363918.796607	-380
1666363918.800831	-381
1666363918.804857	-382
1666363918.808925	-382
1666363918.813300	-383
1666363918.817461	-384
1666363918.821640	-385
1666363918.825786	-386
1666363918.829797	-387
1666363918.833951	-387
1666363918.838125	-388
1666363918.842435	-389
1666363918.846674	-390
1666363918.850739	-391
1666363918.854853	-392
1666363918.858953	-393
1666363918.863351	-393
1666363918.867573	-394
1666363918.871679	-395
1666363918.875646	-396
1666363918.879871	-397
1666363918.884089	-398
1666363918.888387	-398
1666363918.892562	-399
1666363918.896645	-400
1666363918.900707	-401
1666363918.905019	-402
1666363918.909247	-403
1666363918.913352	-403
1666363918.917586	-404
1666363918.921555	-405
1666363918.925753	-406
1666363918.929894	-407
1666363918.934281	-408
1666363918.938467	-408
1666363918.942575	-409
1666363918.946577	-410
1666363918.950714	-411
1666363918.955072	-412
1666363918.959253	-413
1666363918.963429	-413
1666363918.967373	-414
1666363918.971629	-415
1666363918.975969	-416
1666363918.980067	-417
1666363918.984202	-418
1666363918.988369	-418
1666363918.992402	-419
1666363918.996573	-420
1666363919.000874	-421
1666363919.005085	-422
1666363919.009266	-423
1666363919.013397	-423
1666363919.017627	-424
1666363919.021570	-425
1666363919.025959	-426
1666363919.030156	-427
1666363919.034255	-428
1666363919.038268	-428
1666363919.042409	-429
1666363919.046634	-430
1666363919.050991	-431
1666363919.055165	-432
1666363919.059213	-433
1666363919.063301	-433
1666363919.067664	-434
1666363919.071861	-435
1666363919.076009	-436
1666363919.080177	-437
1666363919.084139	-438
1666363919.088310	-438
1666363919.092564	-439
1666363919.096874	-440
1666363919.101031	-441
1666363919.105065	-442
1666363919.109111	-443
1666363919.113305	-443
1666363919.117459	-444
1666363919.121866	-445
1666363919.126012	-446
1666363919.130092	-447
1666363919.134227	-448
1666363919.138571	-448
1666363919.142712	-449
1666363919.146873	-450
1666363919.150912	-451
1666363919.155090	-452
1666363919.159407	-453
1666363919.163487	-453
1666363919.167752	-454
1666363919.171807	-455
1666363919.175874	-456
1666363919.180030	-457
1666363919.184207	-458
1666363919.188580	-458
1666363919.192750	-459
1666363919.196861	-460
1666363919.200906	-461
1666363919.205246	-462
1666363919.209387	-463
1666363919.213373	-463
1666363919.217752	-464
1666363919.221790	-465
1666363919.226038	-466
1666363919.230094	-467
1666363919.234439	-468
1666363919.238608	-468
1666363919.242703	-469
1666363919.246723	-470
1666363919.250899	-471
1666363919.255287	-472
1666363919.259261	-473
1666363919.263596	-473
1666363919.267638	-474
1666363919.271782	-475
1666363919.276134	-476
1666363919.280320	-477
1666363919.284468	-478
1666363919.288640	-478
1666363919.292573	-479
1666363919.296766	-480
1666363919.300911	-481
1666363919.305330	-482
1666363919.309469	-483
1666363919.313518	-484
1666363919.317666	-484
1666363919.321774	-485
1666363919.326246	-486
1666363919.330367	-487
1666363919.334508	-488
1666363919.338509	-489
1666363919.342635	-489
1666363919.346966	-490
1666363919.351233	-491
1666363919.355379	-492
1666363919.359443	-493
1666363919.363512	-494
1666363919.367898	-494
1666363919.372030	-495
1666363919.376179	-496
1666363919.380364	-497
1666363919.384376	-498
1666363919.388811	-499
1666363919.392880	-499
1666363919.397087	-500
1666363919.401329	-500
1666363919.403344	-500
1666363919.417398	-499
1666363919.421242	-499
1666363919.425465	-498
1666363919.429668	-497
1666363919.433850	-496
1666363919.437989	-495
1666363919.442160	-494
1666363919.446187	-494
1666363919.450430	-493
1666363919.454673	-492
1666363919.458907	-491
1666363919.463072	-490
1666363919.467096	-489
1666363919.471220	-489
1666363919.475388	-488
1666363919.479727	-487
1666363919.483922	-486
1666363919.488071	-485
1666363919.492101	-484
1666363919.496244	-484
1666363919.500696	-483
1666363919.504706	-482
1666363919.508816	-481
1666363919.513007	-480
1666363919.517067	-479
1666363919.521428	-479
1666363919.525485	-478
1666363919.529781	-477
1666363919.533921	-476
1666363919.537989	-475
1666363919.542216	-474
1666363919.546197	-474
1666363919.550439	-473
1666363919.554891	-472
1666363919.558882	-471
1666363919.562874	-470
1666363919.567282	-469
1666363919.571256	-469
1666363919.575612	-468
1666363919.579804	-467
1666363919.583795	-466
1666363919.587927	-465
1666363919.592104	-464
1666363919.596411	-464
1666363919.600638	-463
1666363919.604626	-462
1666363919.608754	-461
1666363919.613140	-460
1666363919.617275	-459
1666363919.621484	-459
1666363919.625625	-458
1666363919.629649	-457
1666363919.633936	-456
1666363919.638205	-455
1666363919.642345	-454
1666363919.646516	-454
1666363919.650613	-453
1666363919.654628	-452
1666363919.658787	-451
1666363919.663288	-450
1666363919.667335	-449
1666363919.671549	-449
1666363919.675545	-448
1666363919.679644	-447
1666363919.683959	-446
1666363919.688177	-445
1666363919.692377	-444
1666363919.696470	-444
1666363919.700471	-443
1666363919.704656	-442
1666363919.709045	-441
1666363919.713202	-440
1666363919.717174	-439
1666363919.721440	-439
1666363919.725528	-438
1666363919.729913	-437
1666363919.734066	-436
1666363919.738210	-435
1666363919.742403	-434
1666363919.746336	-434
1666363919.750515	-433
1666363919.754899	-432
1666363919.759128	-431
1666363919.763304	-430
1666363919.767297	-429
1666363919.771420	-428
1666363919.775725	-428
1666363919.779918	-427
1666363919.784095	-426
1666363919.788295	-425
1666363919.792295	-424
1666363919.796448	-423
1666363919.800682	-423
1666363919.804883	-422
1666363919.809131	-421
1666363919.813237	-420
1666363919.817180	-419
1666363919.821395	-418
1666363919.825773	-418
1666363919.829900	-417
1666363919.834069	-416
1666363919.838109	-415
1666363919.842216	-414
1666363919.846420	-413
1666363919.850744	-413
1666363919.854946	-412
1666363919.859017	-411
1666363919.863104	-410
1666363919.867229	-409
1666363919.871588	-408
1666363919.875791	-408
1666363919.879999	-407
1666363919.884014	-406
1666363919.888249	-405
1666363919.892449	-404
1666363919.896628	-403
1666363919.900645	-403
1666363919.904854	-402
1666363919.909092	-401
1666363919.913256	-400
1666363919.917432	-399
1666363919.921580	-398
1666363919.925898	-398
1666363919.929896	-397
1666363919.934029	-396
1666363919.938386	-395
1666363919.942593	-394
1666363919.946605	-393
1666363919.950855	-393
1666363919.954876	-392
1666363919.959304	-391
1666363919.963331	-390
1666363919.967583	-389
1666363919.971801	-388
1666363919.975792	-388
1666363919.979886	-387
1666363919.984096	-386
1666363919.988418	-385
1666363919.992333	-384
1666363919.996684	-383
1666363920.000707	-383
1666363920.004928	-382
1666363920.009054	-381
1666363920.013229	-380
1666363920.017559	-379
1666363920.021640	-378
1666363920.025826	-378
1666363920.030094	-377
1666363920.034273	-376
1666363920.038383	-375
1666363920.042512	-374
1666363920.046556	-373
1666363920.050709	-373
1666363920.054953	-372
1666363920.059293	-371
1666363920.063448	-370
1666363920.067460	-369
1666363920.071571	-368
1666363920.075955	-368
1666363920.080116	-367
1666363920.084247	-366
1666363920.088408	-365
1666363920.092461	-364
1666363920.096642	-363
1666363920.100837	-363
1666363920.105088	-362
1666363920.109296	-361
1666363920.113362	-360
1666363920.117441	-359
1666363920.121710	-358
1666363920.125973	-358
1666363920.129936	-357
1666363920.134091	-356
1666363920.138314	-355
1666363920.142670	-354
1666363920.146753	-353
1666363920.150951	-353
1666363920.155096	-352
1666363920.159192	-351
1666363920.163325	-350
1666363920.167531	-349
1666363920.171855	-348
1666363920.175988	-348
1666363920.180140	-347
1666363920.184150	-346
1666363920.188565	-345
1666363920.192529	-344
1666363920.196628	-343
1666363920.201013	-342
1666363920.205103	-342
1666363920.209142	-341
1666363920.213301	-340
1666363920.217711	-339
1666363920.221815	-338
1666363920.226019	-337
1666363920.230100	-337
1666363920.234226	-336
1666363920.238629	-335
1666363920.242768	-334
1666363920.246907	-333
1666363920.250993	-332
1666363920.255002	-332
1666363920.259182	-331
1666363920.263345	-330
1666363920.267711	-329
1666363920.271891	-328
1666363920.275943	-327
1666363920.280024	-327
1666363920.284188	-326
1666363920.288560	-325
1666363920.292754	-324
1666363920.296864	-323
1666363920.300855	-322
1666363920.305246	-322
1666363920.309414	-321
1666363920.313586	-320
1666363920.317769	-319
1666363920.321776	-318
1666363920.325884	-317
1666363920.330080	-317
1666363920.334422	-316
1666363920.338599	-315
1666363920.342747	-314
1666363920.346763	-313
1666363920.351043	-312
1666363920.355061	-312
1666363920.359464	-311
1666363920.363626	-310
1666363920.367712	-309
1666363920.371773	-308
1666363920.375940	-307
1666363920.380293	-307
1666363920.384474	-306
1666363920.388583	-305
1666363920.392657	-304
1666363920.396939	-303
1666363920.400983	-302
1666363920.405112	-302
1666363920.409467	-301
1666363920.413549	-300
1666363920.417696	-299
1666363920.421855	-298
1666363920.426184	-297
1666363920.430430	-297
1666363920.434518	-296
1666363920.438483	-295
1666363920.442946	-294
1666363920.447206	-293
1666363920.451202	-292
1666363920.455380	-292
1666363920.459337	-291
1666363920.463620	-290
1666363920.467802	-289
1666363920.472025	-288
1666363920.476178	-287
1666363920.480285	-287
1666363920.484345	-286
1666363920.488630	-285
1666363920.492837	-284
1666363920.496840	-283
1666363920.501260	-282
1666363920.505296	-282
1666363920.509370	-281
1666363920.513517	-280
1666363920.517913	-279
1666363920.522044	-278
1666363920.526213	-277
1666363920.530257	-277
1666363920.534364	-276
1666363920.538577	-275
1666363920.542893	-274
1666363920.547129	-273
1666363920.551251	-272
1666363920.555211	-272
1666363920.559422	-271
1666363920.563720	-270
1666363920.567844	-269
1666363920.572074	-268
1666363920.576106	-267
1666363920.580402	-267
1666363920.584600	-266
1666363920.588594	-265
1666363920.592906	-264
1666363920.596994	-263
1666363920.601102	-262
1666363920.605410	-262
1666363920.609523	-261
1666363920.613675	-260
1666363920.617844	-259
1666363920.622053	-258
1666363920.626057	-257
1666363920.630233	-257
1666363920.634623	-256
1666363920.638789	-255
1666363920.642922	-254
1666363920.646926	-253
1666363920.651073	-252
1666363920.655349	-252
1666363920.659446	-251
1666363920.663659	-250
1666363920.667846	-249
1666363920.671879	-248
1666363920.676117	-247
1666363920.680118	-247
1666363920.684551	-246
1666363920.688633	-245
1666363920.692800	-244
1666363920.696862	-243
1666363920.701009	-242
1666363920.705125	-242
1666363920.709440	-241
1666363920.713593	-240
1666363920.717489	-239
1666363920.721751	-238
1666363920.725888	-237
1666363920.730000	-237
1666363920.734324	-236
1666363920.738412	-235
1666363920.742610	-234
1666363920.746674	-233
1666363920.750742	-232
1666363920.755130	-232
1666363920.759277	-231
1666363920.763422	-230
1666363920.767598	-229
1666363920.771494	-228
1666363920.775708	-227
1666363920.779831	-227
1666363920.783990	-226
1666363920.788550	-225
1666363920.792620	-224
1666363920.796525	-223
1666363920.800785	-222
1666363920.804944	-222
1666363920.808908	-221
1666363920.813251	-220
1666363920.817403	-219
1666363920.821451	-218
1666363920.825511	-217
1666363920.829841	-217
1666363920.834000	-216
1666363920.838212	-215
1666363920.842338	-214
1666363920.846383	-213
1666363920.850450	-212
1666363920.854654	-212
1666363920.858920	-211
1666363920.863109	-210
1666363920.867064	-209
1666363920.871453	-208
1666363920.875542	-207
1666363920.879555	-207
1666363920.883723	-206
1666363920.887995	-205
1666363920.892122	-204
1666363920.896304	-203
1666363920.900285	-202
1666363920.904429	-202
1666363920.908775	-201
1666363920.912821	-200
1666363920.917100	-199
1666363920.921233	-198
1666363920.925234	-197
1666363920.929423	-197
1666363920.933632	-196
1666363920.937700	-195
1666363920.942059	-194
1666363920.946131	-193
1666363920.950140	-192
1666363920.954476	-192
1666363920.958650	-191
1666363920.962854	-190
1666363920.967049	-189
1666363920.971138	-188
1666363920.975139	-187
1666363920.979429	-187
1666363920.983479	-186
1666363920.987800	-185
1666363920.991853	-184
1666363920.996068	-183
1666363921.000009	-182
1666363921.004236	-182
1666363921.008280	-181
1666363921.012664	-180
1666363921.016860	-179
1666363921.020923	-178
1666363921.024937	-177
1666363921.029421	-177
1666363921.033367	-176
1666363921.037597	-175
1666363921.041867	-174
1666363921.045722	-173
1666363921.049868	-172
1666363921.054086	-172
1666363921.058327	-171
1666363921.062482	-170
1666363921.066588	-169
1666363921.070855	-168
1666363921.074850	-167
1666363921.078973	-167
1666363921.083051	-166
1666363921.087477	-165
1666363921.091522	-164
1666363921.095769	-163
1666363921.099815	-162
1666363921.103930	-162
1666363921.108260	-161
1666363921.112452	-160
1666363921.116534	-159
1666363921.120615	-158
1666363921.124664	-158
1666363921.128833	-157
1666363921.132964	-156
1666363921.137326	-155
1666363921.141484	-154
1666363921.145527	-153
1666363921.149652	-153
1666363921.153765	-152
1666363921.158094	-151
1666363921.162208	-150
1666363921.166384	-149
1666363921.170562	-148
1666363921.174604	-148
1666363921.178768	-147
1666363921.183045	-146
1666363921.187047	-145
1666363921.191338	-144
1666363921.195494	-143
1666363921.199522	-143
1666363921.203624	-142
1666363921.207967	-141
1666363921.211861	-140
1666363921.216235	-139
1666363921.220311	-138
1666363921.224397	-138
1666363921.228505	-137
1666363921.232856	-136
1666363921.237000	-135
1666363921.241171	-134
1666363921.245305	-133
1666363921.249338	-133
1666363921.253372	-132
1666363921.257559	-131
1666363921.261935	-130
1666363921.266085	-129
1666363921.270238	-128
1666363921.274287	-128
1666363921.278410	-127
1666363921.282831	-126
1666363921.286813	-125
1666363921.291042	-124
1666363921.294987	-123
1666363921.299248	-123
1666363921.303267	-122
1666363921.307371	-121
1666363921.311727	-120
1666363921.315813	-119
1666363921.320069	-118
1666363921.324186	-118
1666363921.328149	-117
1666363921.332406	-116
1666363921.336745	-115
1666363921.340697	-114
1666363921.345024	-113
1666363921.349113	-113
1666363921.353162	-112
1666363921.357458	-111
1666363921.361476	-110
1666363921.365751	-109
1666363921.370192	-108
1666363921.373864	-108
1666363921.378122	-107
1666363921.382209	-106
1666363921.386505	-105
1666363921.390654	-104
1666363921.394838	-103
1666363921.398943	-103
1666363921.402900	-102
1666363921.407284	-101
1666363921.411296	-100
1666363921.415506	-99
1666363921.419647	-98
1666363921.423827	-98
1666363921.427840	-97
1666363921.431834	-96
1666363921.436225	-95
1666363921.440088	-94
1666363921.444350	-93
1666363921.448547	-93
1666363921.452663	-92
1666363921.456743	-91
1666363921.460726	-90
1666363921.464890	-89
1666363921.469044	-89
1666363921.473288	-88
1666363921.477341	-87
1666363921.481487	-86
1666363921.485688	-85
1666363921.489747	-84
1666363921.493743	-84
1666363921.497833	-83
1666363921.501956	-82
1666363921.506250	-81
1666363921.510379	-80
1666363921.514515	-79
1666363921.518632	-79
1666363921.522650	-78
1666363921.526748	-77
1666363921.530834	-76
1666363921.534943	-75
1666363921.539128	-75
1666363921.543330	-74
1666363921.547490	-73
1666363921.551600	-72
1666363921.555498	-71
1666363921.559772	-70
1666363921.563730	-70
1666363921.567790	-69
1666363921.572201	-68
1666363921.576353	-67
1666363921.580405	-66
1666363921.584395	-65
1666363921.588459	-65
1666363921.592669	-64
1666363921.596708	-63
1666363921.600988	-62
1666363921.605035	-61
1666363921.609237	-60
1666363921.613373	-60
1666363921.617345	-59
1666363921.621431	-58
1666363921.625544	-57
1666363921.629877	-56
1666363921.634006	-56
1666363921.638128	-55
1666363921.642212	-54
1666363921.646286	-53
1666363921.650285	-52
1666363921.654533	-51
1666363921.658490	-51
1666363921.662680	-50
1666363921.666710	-49
1666363921.670919	-48
1666363921.675168	-47
1666363921.679091	-46
1666363921.683235	-46
1666363921.687307	-45
1666363921.691645	-44
1666363921.695852	-43
1666363921.699884	-42
1666363921.703991	-42
1666363921.708080	-41
1666363921.712093	-40
1666363921.716163	-39
1666363921.720362	-38
1666363921.724660	-37
1666363921.728761	-37
1666363921.732883	-36
1666363921.737034	-35
1666363921.741067	-34
1666363921.745072	-33
1666363921.749263	-32
1666363921.753261	-32
1666363921.757588	-31
1666363921.761773	-30
1666363921.765866	-29
1666363921.769980	-28
1666363921.773968	-27
1666363921.777936	-27
1666363921.782103	-26
1666363921.786235	-25
1666363921.790622	-24
1666363921.794679	-23
1666363921.798815	-23
1666363921.802832	-22
1666363921.806844	-21
1666363921.810913	-20
1666363921.815042	-19
1666363921.819171	-18
1666363921.823544	-18
1666363921.827662	-17
1666363921.831739	-16
1666363921.835632	-15
1666363921.839801	-14
1666363921.843898	-13
1666363921.848149	-13
1666363921.852369	-12
1666363921.856500	-11
1666363921.860592	-10
1666363921.864681	-9
1666363921.868656	-9
1666363921.872646	-8
1666363921.876738	-7
1666363921.880896	-6
1666363921.884917	-5
1666363921.889043	-4
1666363921.893097	-4
1666363921.897490	-3
1666363921.901465	-2
1666363921.905501	-1
1666363921.909546	0
1666363921.913504	0
1666363921.917654	0
1666363921.919636	0
