## Values
## High Speed = 700
## Low Speed = 300
## Acceleration = 3000
## Deceleration = 0
## Position = 0
## Idle Time = 1
## Accel/Decel profile = Sinusoidal
## Dwell time = 0.0
## Length = 500
## Cycles = 3


1666363995.022926	0
1666363995.027141	0
1666363995.029106	0
1666363995.042693	0
1666363995.046757	-2
1666363995.050871	-3
1666363995.055001	-4
1666363995.059093	-5
1666363995.063174	-7
1666363995.067247	-8
1666363995.071418	-9
1666363995.075362	-10
1666363995.079592	-12
1666363995.083663	-13
1666363995.087816	-14
1666363995.092029	-15
1666363995.096085	-17
1666363995.100267	-18
1666363995.104352	-19
1666363995.108514	-20
1666363995.112748	-22
1666363995.116857	-23
1666363995.121024	-24
1666363995.125209	-25
1666363995.129287	-27
1666363995.133388	-28
1666363995.137732	-29
1666363995.141741	-30
1666363995.145882	-32
1666363995.149947	-33
1666363995.154328	-34
1666363995.158309	-36
1666363995.162436	-37
1666363995.166570	-38
1666363995.170762	-39
1666363995.174998	-41
1666363995.179127	-42
1666363995.183086	-43
1666363995.187375	-45
1666363995.191417	-46
1666363995.195626	-47
1666363995.199695	-48
1666363995.203924	-50
1666363995.208133	-51
1666363995.212270	-52
1666363995.216199	-54
1666363995.220545	-55
1666363995.224698	-56
1666363995.228797	-58
1666363995.232780	-59
1666363995.236997	-60
1666363995.241217	-62
1666363995.245229	-63
1666363995.249338	-64
1666363995.253577	-66
1666363995.257605	-67
1666363995.261887	-69
1666363995.266009	-70
1666363995.270212	-71
1666363995.274131	-73
1666363995.278250	-74
1666363995.282609	-76
1666363995.286657	-77
1666363995.290848	-78
1666363995.294983	-80
1666363995.299095	-81
1666363995.303322	-83
1666363995.307357	-84
1666363995.311438	-85
1666363995.315641	-87
1666363995.319979	-88
1666363995.323848	-90
1666363995.328003	-91
1666363995.332167	-93
1666363995.336550	-94
1666363995.340503	-96
1666363995.344664	-97
1666363995.348729	-99
1666363995.353118	-100
1666363995.356982	-102
1666363995.361316	-103
1666363995.365458	-105
1666363995.369653	-106
1666363995.373954	-108
1666363995.377924	-109
1666363995.382123	-111
1666363995.386418	-113
1666363995.390657	-114
1666363995.394731	-116
1666363995.398870	-117
1666363995.403032	-119
1666363995.407247	-121
1666363995.411378	-122
1666363995.415595	-124
1666363995.419672	-126
1666363995.423961	-127
1666363995.428033	-129
1666363995.432366	-130
1666363995.436543	-132
1666363995.440686	-134
1666363995.444719	-135
1666363995.448901	-137
1666363995.453294	-139
1666363995.457289	-141
1666363995.461469	-142
1666363995.465598	-144
1666363995.469956	-146
1666363995.474054	-147
1666363995.478070	-149
1666363995.482388	-151
1666363995.486711	-152
1666363995.490640	-154
1666363995.494994	-156
1666363995.498953	-158
1666363995.503468	-159
1666363995.507385	-161
1666363995.511564	-163
1666363995.515690	-165
1666363995.520085	-166
1666363995.524146	-168
1666363995.528345	-170
1666363995.532453	-172
1666363995.536848	-174
1666363995.540857	-175
1666363995.545039	-177
1666363995.549177	-179
1666363995.553406	-181
1666363995.557562	-183
1666363995.561687	-184
1666363995.565925	-186
1666363995.570125	-188
1666363995.574273	-190
1666363995.578375	-192
1666363995.582514	-193
1666363995.586884	-195
1666363995.590931	-197
1666363995.595102	-199
1666363995.599130	-201
1666363995.603523	-202
1666363995.607594	-204
1666363995.611702	-206
1666363995.615836	-208
1666363995.620087	-210
1666363995.624230	-212
1666363995.628381	-213
1666363995.632569	-215
1666363995.636701	-217
1666363995.640902	-219
1666363995.645181	-221
1666363995.649197	-223
1666363995.653406	-225
1666363995.657751	-226
1666363995.661813	-228
1666363995.665991	-230
1666363995.669982	-232
1666363995.674294	-234
1666363995.678430	-236
1666363995.682651	-237
1666363995.686733	-239
1666363995.690998	-241
1666363995.695203	-243
1666363995.699276	-245
1666363995.703494	-247
1666363995.707682	-249
1666363995.711911	-250
1666363995.715989	-252
1666363995.720350	-254
1666363995.724472	-256
1666363995.728497	-258
1666363995.732697	-260
1666363995.737112	-262
1666363995.741137	-263
1666363995.745293	-265
1666363995.749520	-267
1666363995.753700	-269
1666363995.757912	-271
1666363995.762131	-273
1666363995.766207	-275
1666363995.770447	-276
1666363995.774580	-278
1666363995.778699	-280
1666363995.782942	-282
1666363995.787117	-284
1666363995.791280	-286
1666363995.795497	-287
1666363995.799633	-289
1666363995.803806	-291
1666363995.807992	-293
1666363995.812172	-295
1666363995.816368	-297
1666363995.820510	-298
1666363995.824770	-300
1666363995.828918	-302
1666363995.833079	-304
1666363995.837291	-306
1666363995.841674	-308
1666363995.845656	-309
1666363995.849780	-311
1666363995.854031	-313
1666363995.858413	-315
1666363995.862528	-317
1666363995.866602	-318
1666363995.870931	-320
1666363995.874966	-322
1666363995.879302	-324
1666363995.883396	-326
1666363995.887655	-327
1666363995.891852	-329
1666363995.896034	-331
1666363995.900054	-333
1666363995.904307	-335
1666363995.908503	-336
1666363995.912672	-338
1666363995.916777	-340
1666363995.921027	-342
1666363995.925216	-343
1666363995.929423	-345
1666363995.933524	-347
1666363995.937860	-349
1666363995.942080	-350
1666363995.946141	-352
1666363995.950337	-354
1666363995.954583	-356
1666363995.958727	-357
1666363995.963194	-359
1666363995.967092	-361
1666363995.971334	-362
1666363995.975516	-364
1666363995.979588	-366
1666363995.983923	-367
1666363995.988139	-369
1666363995.992261	-371
1666363995.996358	-372
1666363996.000538	-374
1666363996.004907	-376
1666363996.009073	-377
1666363996.013088	-379
1666363996.017253	-381
1666363996.021532	-382
1666363996.025798	-384
1666363996.030010	-385
1666363996.034150	-387
1666363996.038177	-389
1666363996.042382	-390
1666363996.046727	-392
1666363996.050901	-393
1666363996.055171	-395
1666363996.059139	-396
1666363996.063324	-398
1666363996.067843	-399
1666363996.071926	-401
1666363996.075889	-403
1666363996.080100	-404
1666363996.084612	-406
1666363996.088735	-407
1666363996.092854	-409
1666363996.097055	-410
1666363996.101090	-412
1666363996.105267	-413
1666363996.109399	-414
1666363996.113599	-416
1666363996.117817	-417
1666363996.121956	-419
1666363996.126264	-420
1666363996.130504	-422
1666363996.134700	-423
1666363996.138850	-425
1666363996.142854	-426
1666363996.147284	-427
1666363996.151470	-429
1666363996.155585	-430
1666363996.159803	-432
1666363996.163826	-433
1666363996.167936	-434
1666363996.172418	-436
1666363996.176504	-437
1666363996.180755	-439
1666363996.184825	-440
1666363996.188983	-441
1666363996.193328	-443
1666363996.197508	-444
1666363996.201719	-445
1666363996.205773	-447
1666363996.209840	-448
1666363996.214071	-449
1666363996.218400	-451
1666363996.222550	-452
1666363996.226731	-453
1666363996.230767	-455
1666363996.235202	-456
1666363996.239455	-457
1666363996.243559	-459
1666363996.247690	-460
1666363996.251682	-461
1666363996.255901	-463
1666363996.260393	-464
1666363996.264513	-465
1666363996.268604	-466
1666363996.272585	-468
1666363996.276791	-469
1666363996.281357	-470
1666363996.285418	-472
1666363996.289610	-473
1666363996.293533	-474
1666363996.298039	-475
1666363996.302263	-477
1666363996.306125	-478
1666363996.310419	-479
1666363996.314545	-480
1666363996.318997	-482
1666363996.322888	-483
1666363996.327244	-484
1666363996.331279	-486
1666363996.335337	-487
1666363996.339594	-488
1666363996.344109	-489
1666363996.348199	-491
1666363996.352188	-492
1666363996.356328	-493
1666363996.360470	-494
1666363996.364888	-496
1666363996.368999	-497
1666363996.373174	-498
1666363996.377247	-499
1666363996.381386	-500
1666363996.385924	-500
1666363996.387803	-500
1666363996.401251	-499
1666363996.405514	-498
1666363996.409788	-497
1666363996.413949	-496
1666363996.418018	-494
1666363996.422189	-493
1666363996.426370	-492
1666363996.430752	-491
1666363996.434665	-489
1666363996.438988	-488
1666363996.443037	-487
1666363996.447245	-486
1666363996.451452	-484
1666363996.455792	-483
1666363996.459960	-482
1666363996.463988	-481
1666363996.468262	-479
1666363996.472582	-478
1666363996.476773	-477
1666363996.480958	-475
1666363996.484986	-474
1666363996.489392	-473
1666363996.493381	-472
1666363996.497619	-470
1666363996.501837	-469
1666363996.505884	-468
1666363996.510153	-466
1666363996.514438	-465
1666363996.518650	-464
1666363996.522835	-463
1666363996.526863	-461
1666363996.531275	-460
1666363996.535370	-459
1666363996.539556	-457
1666363996.543647	-456
1666363996.547786	-455
1666363996.551962	-453
1666363996.556306	-452
1666363996.560491	-451
1666363996.564693	-449
1666363996.568758	-448
1666363996.572948	-447
1666363996.577272	-445
1666363996.581429	-444
1666363996.585678	-443
1666363996.589716	-441
1666363996.593903	-440
1666363996.598186	-439
1666363996.602228	-437
1666363996.606641	-436
1666363996.610632	-435
1666363996.614761	-433
1666363996.619023	-432
1666363996.623223	-430
1666363996.627466	-429
1666363996.631573	-428
1666363996.635807	-426
1666363996.639930	-425
1666363996.644278	-423
1666363996.648454	-422
1666363996.652465	-421
1666363996.656737	-419
1666363996.661024	-418
1666363996.665184	-416
1666363996.669385	-415
1666363996.673489	-413
1666363996.677598	-412
1666363996.681985	-410
1666363996.686181	-409
1666363996.690367	-407
1666363996.694343	-406
1666363996.698601	-404
1666363996.702910	-403
1666363996.707124	-401
1666363996.711304	-400
1666363996.715325	-398
1666363996.719709	-397
1666363996.723943	-395
1666363996.728103	-394
1666363996.732059	-392
1666363996.736261	-390
1666363996.740494	-389
1666363996.744868	-387
1666363996.749018	-386
1666363996.753239	-384
1666363996.757211	-383
1666363996.761684	-381
1666363996.765794	-379
1666363996.769744	-378
1666363996.774123	-376
1666363996.778166	-374
1666363996.782366	-373
1666363996.786486	-371
1666363996.790924	-369
1666363996.795093	-368
1666363996.799161	-366
1666363996.803306	-364
1666363996.807653	-363
1666363996.811702	-361
1666363996.816062	-359
1666363996.820087	-358
1666363996.824251	-356
1666363996.828693	-354
1666363996.832834	-353
1666363996.837008	-351
1666363996.841125	-349
1666363996.845264	-347
1666363996.849463	-346
1666363996.853735	-344
1666363996.857962	-342
1666363996.861989	-340
1666363996.866110	-339
1666363996.870337	-337
1666363996.874824	-335
1666363996.878879	-333
1666363996.883047	-332
1666363996.887126	-330
1666363996.891515	-328
1666363996.895644	-326
1666363996.899996	-324
1666363996.903986	-323
1666363996.908282	-321
1666363996.912454	-319
1666363996.916515	-317
1666363996.920795	-315
1666363996.924897	-314
1666363996.929078	-312
1666363996.933459	-310
1666363996.937694	-308
1666363996.941773	-306
1666363996.945768	-304
1666363996.949983	-303
1666363996.954361	-301
1666363996.958528	-299
1666363996.962689	-297
1666363996.966706	-295
1666363996.970906	-293
1666363996.975266	-292
1666363996.979284	-290
1666363996.983674	-288
1666363996.987670	-286
1666363996.991842	-284
1666363996.996252	-282
1666363997.000437	-281
1666363997.004370	-279
1666363997.008529	-277
1666363997.012851	-275
1666363997.017080	-273
1666363997.021231	-271
1666363997.025458	-269
1666363997.029522	-268
1666363997.033694	-266
1666363997.038052	-264
1666363997.042231	-262
1666363997.046407	-260
1666363997.050461	-258
1666363997.054643	-256
1666363997.058999	-255
1666363997.063187	-253
1666363997.067364	-251
1666363997.071360	-249
1666363997.075542	-247
1666363997.079680	-245
1666363997.084099	-243
1666363997.088077	-242
1666363997.092318	-240
1666363997.096448	-238
1666363997.100756	-236
1666363997.104731	-234
1666363997.108890	-232
1666363997.113128	-230
1666363997.117291	-229
1666363997.121566	-227
1666363997.125558	-225
1666363997.129894	-223
1666363997.134035	-221
1666363997.138178	-219
1666363997.142269	-218
1666363997.146557	-216
1666363997.150791	-214
1666363997.154909	-212
1666363997.159089	-210
1666363997.163055	-208
1666363997.167252	-207
1666363997.171753	-205
1666363997.175775	-203
1666363997.179916	-201
1666363997.184091	-199
1666363997.188119	-197
1666363997.192278	-196
1666363997.196647	-194
1666363997.200531	-192
1666363997.204889	-190
1666363997.208993	-188
1666363997.213092	-187
1666363997.217261	-185
1666363997.221637	-183
1666363997.225736	-181
1666363997.229747	-179
1666363997.233949	-178
1666363997.238132	-176
1666363997.242488	-174
1666363997.246672	-172
1666363997.250833	-170
1666363997.254922	-169
1666363997.259034	-167
1666363997.263366	-165
1666363997.267544	-163
1666363997.271450	-162
1666363997.275799	-160
1666363997.279907	-158
1666363997.284079	-156
1666363997.288335	-155
1666363997.292366	-153
1666363997.296649	-151
1666363997.300769	-149
1666363997.304904	-148
1666363997.309092	-146
1666363997.313342	-144
1666363997.317497	-143
1666363997.321602	-141
1666363997.325785	-139
1666363997.329931	-138
1666363997.334346	-136
1666363997.338483	-134
1666363997.342729	-132
1666363997.346740	-131
1666363997.350826	-129
1666363997.355223	-128
1666363997.359209	-126
1666363997.363562	-124
1666363997.367688	-123
1666363997.371725	-121
1666363997.376017	-119
1666363997.380241	-118
1666363997.384351	-116
1666363997.388552	-115
1666363997.392618	-113
1666363997.396728	-111
1666363997.400832	-110
1666363997.405214	-108
1666363997.409476	-107
1666363997.413473	-105
1666363997.417523	-104
1666363997.421680	-102
1666363997.426083	-101
1666363997.430239	-99
1666363997.434361	-97
1666363997.438441	-96
1666363997.442455	-94
1666363997.446589	-93
1666363997.450696	-92
1666363997.454823	-90
1666363997.458936	-89
1666363997.463096	-87
1666363997.467419	-86
1666363997.471366	-84
1666363997.475501	-83
1666363997.479709	-81
1666363997.483822	-80
1666363997.487965	-78
1666363997.492096	-77
1666363997.496237	-76
1666363997.500383	-74
1666363997.504508	-73
1666363997.508637	-71
1666363997.512841	-70
1666363997.516966	-69
1666363997.520998	-67
1666363997.525114	-66
1666363997.529312	-65
1666363997.533529	-63
1666363997.537609	-62
1666363997.541706	-61
1666363997.545850	-59
1666363997.549974	-58
1666363997.554113	-56
1666363997.558249	-55
1666363997.562519	-54
1666363997.566619	-53
1666363997.570591	-51
1666363997.574879	-50
1666363997.578991	-49
1666363997.582994	-47
1666363997.587229	-46
1666363997.591432	-45
1666363997.595625	-43
1666363997.599752	-42
1666363997.603896	-41
1666363997.607951	-39
1666363997.611987	-38
1666363997.616278	-37
1666363997.620337	-36
1666363997.624632	-34
1666363997.628795	-33
1666363997.632908	-32
1666363997.636922	-30
1666363997.641396	-29
1666363997.645427	-28
1666363997.649496	-27
1666363997.653595	-25
1666363997.657738	-24
1666363997.661810	-23
1666363997.665851	-22
1666363997.669906	-20
1666363997.674071	-19
1666363997.678549	-18
1666363997.682569	-17
1666363997.686696	-15
1666363997.690789	-14
1666363997.694768	-13
1666363997.698878	-12
1666363997.703188	-10
1666363997.707281	-9
1666363997.711302	-8
1666363997.715376	-7
1666363997.719477	-5
1666363997.723565	-4
1666363997.727626	-3
1666363997.731833	-2
1666363997.735802	0
1666363997.740036	0
1666363997.741989	0
1666363997.743928	0
1666363997.748107	0
1666363997.750084	0
1666363997.763524	-1
1666363997.767581	-2
1666363997.771575	-3
1666363997.775776	-4
1666363997.779885	-5
1666363997.783963	-7
1666363997.788061	-8
1666363997.792157	-9
1666363997.796271	-10
1666363997.800328	-12
1666363997.804544	-13
1666363997.808692	-14
1666363997.812881	-15
1666363997.817022	-17
1666363997.821177	-18
1666363997.825216	-19
1666363997.829488	-20
1666363997.833584	-22
1666363997.837684	-23
1666363997.841914	-24
1666363997.846117	-25
1666363997.850208	-27
1666363997.854338	-28
1666363997.858327	-29
1666363997.862488	-30
1666363997.866771	-32
1666363997.870973	-33
1666363997.875051	-34
1666363997.879218	-36
1666363997.883164	-37
1666363997.887415	-38
1666363997.891588	-39
1666363997.895784	-41
1666363997.899769	-42
1666363997.904140	-43
1666363997.908020	-45
1666363997.912153	-46
1666363997.916270	-47
1666363997.920492	-49
1666363997.924821	-50
1666363997.928941	-51
1666363997.933098	-52
1666363997.937171	-54
1666363997.941175	-55
1666363997.945272	-56
1666363997.949448	-58
1666363997.953595	-59
1666363997.957724	-60
1666363997.961827	-62
1666363997.966073	-63
1666363997.970238	-65
1666363997.974300	-66
1666363997.978479	-67
1666363997.982587	-69
1666363997.986770	-70
1666363997.990838	-71
1666363997.995007	-73
1666363997.999228	-74
1666363998.003287	-76
1666363998.007398	-77
1666363998.011591	-78
1666363998.015582	-80
1666363998.019796	-81
1666363998.023903	-83
1666363998.028093	-84
1666363998.032344	-86
1666363998.036470	-87
1666363998.040664	-88
1666363998.044755	-90
1666363998.048779	-91
1666363998.052958	-93
1666363998.057055	-94
1666363998.061366	-96
1666363998.065281	-97
1666363998.069492	-99
1666363998.073685	-100
1666363998.077804	-102
1666363998.082181	-103
1666363998.086205	-105
1666363998.090451	-106
1666363998.094608	-108
1666363998.098678	-110
1666363998.102867	-111
1666363998.107014	-113
1666363998.111347	-114
1666363998.115487	-116
1666363998.119541	-117
1666363998.123733	-119
1666363998.128023	-121
1666363998.132214	-122
1666363998.136383	-124
1666363998.140551	-126
1666363998.144516	-127
1666363998.148749	-129
1666363998.153073	-131
1666363998.157246	-132
1666363998.161420	-134
1666363998.165514	-136
1666363998.169627	-137
1666363998.173845	-139
1666363998.178165	-141
1666363998.182353	-142
1666363998.186441	-144
1666363998.190504	-146
1666363998.194744	-147
1666363998.198833	-149
1666363998.203256	-151
1666363998.207399	-153
1666363998.211403	-154
1666363998.215776	-156
1666363998.219931	-158
1666363998.224080	-160
1666363998.228288	-161
1666363998.232326	-163
1666363998.236530	-165
1666363998.240666	-167
1666363998.245043	-168
1666363998.249228	-170
1666363998.253322	-172
1666363998.257319	-174
1666363998.261538	-175
1666363998.265956	-177
1666363998.270185	-179
1666363998.274261	-181
1666363998.278251	-183
1666363998.282471	-184
1666363998.286829	-186
1666363998.290977	-188
1666363998.295138	-190
1666363998.299197	-192
1666363998.303207	-193
1666363998.307723	-195
1666363998.311823	-197
1666363998.316001	-199
1666363998.320035	-201
1666363998.324081	-203
1666363998.328441	-204
1666363998.332536	-206
1666363998.336805	-208
1666363998.341011	-210
1666363998.345037	-212
1666363998.349181	-214
1666363998.353291	-215
1666363998.357731	-217
1666363998.361921	-219
1666363998.365877	-221
1666363998.369969	-223
1666363998.374155	-225
1666363998.378529	-226
1666363998.382745	-228
1666363998.386872	-230
1666363998.390940	-232
1666363998.395053	-234
1666363998.399402	-236
1666363998.403600	-238
1666363998.407790	-239
1666363998.411905	-241
1666363998.415889	-243
1666363998.420058	-245
1666363998.424414	-247
1666363998.428670	-249
1666363998.432809	-251
1666363998.436845	-252
1666363998.440949	-254
1666363998.445090	-256
1666363998.449565	-258
1666363998.453719	-260
1666363998.457760	-262
1666363998.461881	-263
1666363998.466272	-265
1666363998.470459	-267
1666363998.474688	-269
1666363998.478683	-271
1666363998.482736	-273
1666363998.487184	-275
1666363998.491357	-276
1666363998.495528	-278
1666363998.499628	-280
1666363998.503722	-282
1666363998.508103	-284
1666363998.512315	-286
1666363998.516466	-288
1666363998.520573	-289
1666363998.524693	-291
1666363998.528852	-293
1666363998.533238	-295
1666363998.537395	-297
1666363998.541519	-299
1666363998.545525	-300
1666363998.549758	-302
1666363998.554153	-304
1666363998.558308	-306
1666363998.562464	-308
1666363998.566494	-310
1666363998.570618	-311
1666363998.574730	-313
1666363998.579061	-315
1666363998.583272	-317
1666363998.587347	-319
1666363998.591543	-320
1666363998.595927	-322
1666363998.599987	-324
1666363998.604297	-326
1666363998.608313	-328
1666363998.612512	-329
1666363998.616733	-331
1666363998.621088	-333
1666363998.625267	-335
1666363998.629255	-336
1666363998.633491	-338
1666363998.637834	-340
1666363998.642005	-342
1666363998.646174	-343
1666363998.650245	-345
1666363998.654675	-347
1666363998.658774	-349
1666363998.662662	-350
1666363998.667110	-352
1666363998.671134	-354
1666363998.675659	-356
1666363998.679755	-357
1666363998.683625	-359
1666363998.688065	-361
1666363998.692145	-362
1666363998.696341	-364
1666363998.700604	-366
1666363998.704828	-367
1666363998.709023	-369
1666363998.713121	-371
1666363998.717237	-372
1666363998.721717	-374
1666363998.725777	-376
1666363998.729670	-377
1666363998.734017	-379
1666363998.738490	-381
1666363998.742424	-382
1666363998.746494	-384
1666363998.750828	-385
1666363998.754942	-387
1666363998.759010	-389
1666363998.763414	-390
1666363998.767602	-392
1666363998.771805	-393
1666363998.775889	-395
1666363998.779943	-396
1666363998.784231	-398
1666363998.788554	-400
1666363998.792792	-401
1666363998.796806	-403
1666363998.800835	-404
1666363998.805268	-406
1666363998.809515	-407
1666363998.813691	-409
1666363998.817780	-410
1666363998.821785	-412
1666363998.826302	-413
1666363998.830479	-415
1666363998.834654	-416
1666363998.838746	-417
1666363998.842854	-419
1666363998.847083	-420
1666363998.851393	-422
1666363998.855599	-423
1666363998.859657	-425
1666363998.863700	-426
1666363998.867890	-427
1666363998.872321	-429
1666363998.876449	-430
1666363998.880491	-432
1666363998.884568	-433
1666363998.888767	-434
1666363998.892968	-436
1666363998.897169	-437
1666363998.901347	-439
1666363998.905499	-440
1666363998.909735	-441
1666363998.913924	-443
1666363998.918194	-444
1666363998.922391	-445
1666363998.926510	-447
1666363998.930634	-448
1666363998.934793	-449
1666363998.938962	-451
1666363998.943335	-452
1666363998.947324	-453
1666363998.951547	-455
1666363998.955851	-456
1666363998.959904	-457
1666363998.964121	-459
1666363998.968296	-460
1666363998.972492	-461
1666363998.976763	-463
1666363998.980937	-464
1666363998.985150	-465
1666363998.989200	-466
1666363998.993458	-468
1666363998.997601	-469
1666363999.001900	-470
1666363999.005897	-472
1666363999.010129	-473
1666363999.014285	-474
1666363999.018616	-475
1666363999.022645	-477
1666363999.026968	-478
1666363999.031104	-479
1666363999.035244	-481
1666363999.039624	-482
1666363999.043586	-483
1666363999.047931	-484
1666363999.052007	-486
1666363999.056155	-487
1666363999.060380	-488
1666363999.064699	-489
1666363999.068767	-491
1666363999.072922	-492
1666363999.077148	-493
1666363999.081424	-494
1666363999.085457	-496
1666363999.089603	-497
1666363999.093823	-498
1666363999.098019	-499
1666363999.102308	-500
1666363999.104420	-500
1666363999.118010	-499
1666363999.122080	-498
1666363999.126362	-497
1666363999.130501	-496
1666363999.134721	-494
1666363999.138721	-493
1666363999.143035	-492
1666363999.147234	-491
1666363999.151424	-489
1666363999.155480	-488
1666363999.159643	-487
1666363999.163824	-486
1666363999.167997	-484
1666363999.172248	-483
1666363999.176496	-482
1666363999.180602	-481
1666363999.184789	-479
1666363999.189162	-478
1666363999.193182	-477
1666363999.197533	-475
1666363999.201655	-474
1666363999.205790	-473
1666363999.210056	-472
1666363999.214105	-470
1666363999.218395	-469
1666363999.222492	-468
1666363999.226697	-466
1666363999.230863	-465
1666363999.235201	-464
1666363999.239398	-463
1666363999.243510	-461
1666363999.247604	-460
1666363999.251807	-459
1666363999.256087	-457
1666363999.260149	-456
1666363999.264462	-455
1666363999.268514	-453
1666363999.272831	-452
1666363999.277086	-451
1666363999.281303	-449
1666363999.285453	-448
1666363999.289585	-447
1666363999.293751	-445
1666363999.297892	-444
1666363999.302224	-443
1666363999.306371	-441
1666363999.310494	-440
1666363999.314649	-439
1666363999.318967	-437
1666363999.323183	-436
1666363999.327364	-435
1666363999.331396	-433
1666363999.335521	-432
1666363999.339918	-430
1666363999.344088	-429
1666363999.348311	-428
1666363999.352327	-426
1666363999.356687	-425
1666363999.360698	-423
1666363999.364878	-422
1666363999.369020	-421
1666363999.373223	-419
1666363999.377597	-418
1666363999.381661	-416
1666363999.385783	-415
1666363999.390078	-413
1666363999.394241	-412
1666363999.398390	-410
1666363999.402590	-409
1666363999.406785	-407
1666363999.410970	-406
1666363999.415184	-404
1666363999.419313	-403
1666363999.423530	-401
1666363999.427750	-400
1666363999.432038	-398
1666363999.436081	-397
1666363999.440318	-395
1666363999.444616	-394
1666363999.448648	-392
1666363999.452809	-390
1666363999.457092	-389
1666363999.461272	-387
1666363999.465618	-386
1666363999.469613	-384
1666363999.473898	-383
1666363999.477990	-381
1666363999.482165	-379
1666363999.486344	-378
1666363999.490562	-376
1666363999.494862	-374
1666363999.498947	-373
1666363999.503153	-371
1666363999.507483	-369
1666363999.511633	-368
1666363999.515664	-366
1666363999.519915	-364
1666363999.524122	-363
1666363999.528430	-361
1666363999.532657	-359
1666363999.536674	-358
1666363999.540842	-356
1666363999.545067	-354
1666363999.549391	-353
1666363999.553523	-351
1666363999.557694	-349
1666363999.561785	-347
1666363999.566144	-346
1666363999.570163	-344
1666363999.574521	-342
1666363999.578668	-340
1666363999.582731	-339
1666363999.587007	-337
1666363999.591314	-335
1666363999.595488	-333
1666363999.599650	-331
1666363999.603810	-330
1666363999.607901	-328
1666363999.612323	-326
1666363999.616486	-324
1666363999.620453	-323
1666363999.624762	-321
1666363999.629076	-319
1666363999.633318	-317
1666363999.637350	-315
1666363999.641528	-314
1666363999.645763	-312
1666363999.650123	-310
1666363999.654023	-308
1666363999.658357	-306
1666363999.662461	-304
1666363999.666556	-303
1666363999.670816	-301
1666363999.675119	-299
1666363999.679349	-297
1666363999.683415	-295
1666363999.687582	-293
1666363999.691685	-292
1666363999.696083	-290
1666363999.700031	-288
1666363999.704250	-286
1666363999.708774	-284
1666363999.712768	-282
1666363999.716963	-281
1666363999.721018	-279
1666363999.725280	-277
1666363999.729298	-275
1666363999.733551	-273
1666363999.737747	-271
1666363999.742038	-269
1666363999.746222	-268
1666363999.750235	-266
1666363999.754488	-264
1666363999.758881	-262
1666363999.763040	-260
1666363999.767195	-258
1666363999.771295	-256
1666363999.775524	-255
1666363999.779809	-253
1666363999.783917	-251
1666363999.787925	-249
1666363999.792090	-247
1666363999.796269	-245
1666363999.800597	-243
1666363999.804901	-242
1666363999.809005	-240
1666363999.813070	-238
1666363999.817176	-236
1666363999.821386	-234
1666363999.825746	-232
1666363999.829903	-230
1666363999.833971	-229
1666363999.838050	-227
1666363999.842217	-225
1666363999.846483	-223
1666363999.850698	-221
1666363999.854750	-219
1666363999.858916	-218
1666363999.862995	-216
1666363999.867291	-214
1666363999.871349	-212
1666363999.875646	-210
1666363999.879842	-208
1666363999.883826	-207
1666363999.888031	-205
1666363999.892310	-203
1666363999.896479	-201
1666363999.900558	-199
1666363999.904724	-197
1666363999.908792	-196
1666363999.913000	-194
1666363999.917328	-192
1666363999.921455	-190
1666363999.925773	-188
1666363999.929891	-187
1666363999.933947	-185
1666363999.938142	-183
1666363999.942328	-181
1666363999.946550	-179
1666363999.950672	-178
1666363999.954767	-176
1666363999.958900	-174
1666363999.963211	-172
1666363999.967552	-170
1666363999.971574	-169
1666363999.975524	-167
1666363999.979756	-165
1666363999.984054	-163
1666363999.988317	-162
1666363999.992482	-160
1666363999.996609	-158
1666364000.000656	-156
1666364000.004974	-155
1666364000.009185	-153
1666364000.013372	-151
1666364000.017520	-149
1666364000.021573	-148
1666364000.025815	-146
1666364000.030025	-144
1666364000.034184	-143
1666364000.038407	-141
1666364000.042499	-139
1666364000.046529	-138
1666364000.050694	-136
1666364000.055062	-134
1666364000.059278	-132
1666364000.063417	-131
1666364000.067432	-129
1666364000.071521	-128
1666364000.075665	-126
1666364000.080116	-124
1666364000.084291	-123
1666364000.088391	-121
1666364000.092501	-119
1666364000.096827	-118
1666364000.100925	-116
1666364000.105103	-115
1666364000.109287	-113
1666364000.113338	-111
1666364000.117416	-110
1666364000.121821	-108
1666364000.125993	-107
1666364000.130193	-105
1666364000.134307	-104
1666364000.138332	-102
1666364000.142490	-100
1666364000.146814	-99
1666364000.150925	-97
1666364000.155137	-96
1666364000.159224	-94
1666364000.163255	-93
1666364000.167340	-92
1666364000.171762	-90
1666364000.175877	-89
1666364000.179912	-87
1666364000.184083	-86
1666364000.188119	-84
1666364000.192121	-83
1666364000.196382	-81
1666364000.200450	-80
1666364000.204763	-78
1666364000.208894	-77
1666364000.213058	-76
1666364000.217081	-74
1666364000.221177	-73
1666364000.225258	-71
1666364000.229494	-70
1666364000.233815	-69
1666364000.237911	-67
1666364000.242015	-66
1666364000.246006	-65
1666364000.250016	-63
1666364000.254188	-62
1666364000.258684	-61
1666364000.262758	-59
1666364000.266840	-58
1666364000.270938	-56
1666364000.274929	-55
1666364000.279030	-54
1666364000.283135	-53
1666364000.287494	-51
1666364000.291624	-50
1666364000.295442	-49
1666364000.299797	-47
1666364000.303809	-46
1666364000.307878	-45
1666364000.312152	-43
1666364000.316460	-42
1666364000.320589	-41
1666364000.324723	-39
1666364000.328726	-38
1666364000.332719	-37
1666364000.336890	-36
1666364000.341093	-34
1666364000.345366	-33
1666364000.349255	-32
1666364000.353739	-30
1666364000.357667	-29
1666364000.361663	-28
1666364000.366037	-27
1666364000.370188	-25
1666364000.374368	-24
1666364000.378516	-23
1666364000.382592	-22
1666364000.386479	-20
1666364000.390656	-19
1666364000.395058	-18
1666364000.398881	-17
1666364000.403313	-15
1666364000.407446	-14
1666364000.411554	-13
1666364000.415548	-12
1666364000.419654	-10
1666364000.423756	-9
1666364000.428066	-8
1666364000.432198	-7
1666364000.436309	-5
1666364000.440341	-4
1666364000.444400	-3
1666364000.448442	-2
1666364000.452416	0
1666364000.456901	0
1666364000.458496	0
1666364000.460518	0
1666364000.464932	0
1666364000.466918	0
1666364000.480267	-1
1666364000.484313	-2
1666364000.488271	-3
1666364000.492306	-4
1666364000.496425	-5
1666364000.500551	-7
1666364000.504920	-8
1666364000.508929	-9
1666364000.513041	-10
1666364000.517136	-12
1666364000.521191	-13
1666364000.525313	-14
1666364000.529412	-15
1666364000.533823	-17
1666364000.537908	-18
1666364000.542146	-19
1666364000.546185	-20
1666364000.550217	-22
1666364000.554471	-23
1666364000.558411	-24
1666364000.562856	-25
1666364000.566873	-27
1666364000.571053	-28
1666364000.575109	-29
1666364000.579107	-30
1666364000.583270	-32
1666364000.587624	-33
1666364000.591755	-34
1666364000.595904	-36
1666364000.600008	-37
1666364000.604004	-38
1666364000.608059	-39
1666364000.612236	-41
1666364000.616448	-42
1666364000.620727	-43
1666364000.624836	-45
1666364000.628941	-46
1666364000.632996	-47
1666364000.637204	-49
1666364000.641451	-50
1666364000.645627	-51
1666364000.649791	-52
1666364000.653836	-54
1666364000.657853	-55
1666364000.661870	-56
1666364000.666342	-58
1666364000.670516	-59
1666364000.674571	-60
1666364000.678719	-62
1666364000.682761	-63
1666364000.686773	-65
1666364000.690862	-66
1666364000.694954	-67
1666364000.699359	-69
1666364000.703475	-70
1666364000.707623	-71
1666364000.711686	-73
1666364000.715709	-74
1666364000.720197	-76
1666364000.723930	-77
1666364000.728427	-78
1666364000.732430	-80
1666364000.736536	-81
1666364000.740711	-83
1666364000.744666	-84
1666364000.748827	-86
1666364000.753071	-87
1666364000.757375	-88
1666364000.761503	-90
1666364000.765598	-91
1666364000.769641	-93
1666364000.773653	-94
1666364000.778049	-96
1666364000.782295	-97
1666364000.786329	-99
1666364000.790521	-100
1666364000.794514	-102
1666364000.798968	-103
1666364000.802851	-105
1666364000.807167	-106
1666364000.811343	-108
1666364000.815295	-110
1666364000.819494	-111
1666364000.823620	-113
1666364000.827819	-114
1666364000.832204	-116
1666364000.836376	-117
1666364000.840418	-119
1666364000.844840	-121
1666364000.848890	-122
1666364000.853056	-124
1666364000.857217	-126
1666364000.861330	-127
1666364000.865377	-129
1666364000.869721	-131
1666364000.874016	-132
1666364000.877969	-134
1666364000.882064	-136
1666364000.886194	-137
1666364000.890534	-139
1666364000.894717	-141
1666364000.898929	-142
1666364000.903106	-144
1666364000.907178	-146
1666364000.911480	-147
1666364000.915472	-149
1666364000.919852	-151
1666364000.924028	-153
1666364000.928140	-154
1666364000.932079	-156
1666364000.936288	-158
1666364000.940809	-160
1666364000.944882	-161
1666364000.949019	-163
1666364000.953004	-165
1666364000.957219	-167
1666364000.961402	-168
1666364000.965732	-170
1666364000.970035	-172
1666364000.973970	-174
1666364000.978084	-175
1666364000.982277	-177
1666364000.986646	-179
1666364000.990815	-181
1666364000.994956	-183
1666364000.999031	-184
1666364001.003340	-186
1666364001.007541	-188
1666364001.011678	-190
1666364001.015833	-192
1666364001.019830	-193
1666364001.024011	-195
1666364001.028362	-197
1666364001.032521	-199
1666364001.036671	-201
1666364001.040824	-203
1666364001.044824	-204
1666364001.049247	-206
1666364001.053380	-208
1666364001.057349	-210
1666364001.061739	-212
1666364001.065733	-214
1666364001.069849	-215
1666364001.074060	-217
1666364001.078388	-219
1666364001.082584	-221
1666364001.086693	-223
1666364001.090743	-225
1666364001.095007	-226
1666364001.099138	-228
1666364001.103384	-230
1666364001.107362	-232
1666364001.111684	-234
1666364001.115722	-236
1666364001.119906	-238
1666364001.124288	-239
1666364001.128527	-241
1666364001.132618	-243
1666364001.136651	-245
1666364001.140851	-247
1666364001.145271	-249
1666364001.149497	-251
1666364001.153321	-252
1666364001.157496	-254
1666364001.161661	-256
1666364001.166056	-258
1666364001.170229	-260
1666364001.174405	-262
1666364001.178511	-263
1666364001.182867	-265
1666364001.187064	-267
1666364001.191233	-269
1666364001.195324	-271
1666364001.199317	-273
1666364001.203568	-275
1666364001.207967	-276
1666364001.212169	-278
1666364001.216336	-280
1666364001.220412	-282
1666364001.224603	-284
1666364001.228708	-286
1666364001.233023	-288
1666364001.237205	-289
1666364001.241281	-291
1666364001.245328	-293
1666364001.249738	-295
1666364001.253957	-297
1666364001.258110	-299
1666364001.262205	-300
1666364001.266271	-302
1666364001.270477	-304
1666364001.274831	-306
1666364001.279041	-308
1666364001.283110	-310
1666364001.287220	-311
1666364001.291692	-313
1666364001.295794	-315
1666364001.300001	-317
1666364001.304132	-319
1666364001.308135	-320
1666364001.312299	-322
1666364001.316631	-324
1666364001.320907	-326
1666364001.325061	-328
1666364001.329041	-329
1666364001.333525	-331
1666364001.337706	-333
1666364001.341862	-335
1666364001.346020	-336
1666364001.350033	-338
1666364001.354191	-340
1666364001.358617	-342
1666364001.362777	-343
1666364001.366904	-345
1666364001.370974	-347
1666364001.375414	-349
1666364001.379493	-350
1666364001.383708	-352
1666364001.387841	-354
1666364001.391947	-356
1666364001.396240	-357
1666364001.400214	-359
1666364001.404489	-361
1666364001.408785	-362
1666364001.412829	-364
1666364001.417138	-366
1666364001.421385	-367
1666364001.425608	-369
1666364001.429776	-371
1666364001.433776	-372
1666364001.437912	-374
1666364001.442443	-376
1666364001.446534	-377
1666364001.450685	-379
1666364001.454718	-381
1666364001.458855	-382
1666364001.463036	-384
1666364001.467211	-385
1666364001.471569	-387
1666364001.475679	-389
1666364001.480116	-390
1666364001.483972	-392
1666364001.488405	-393
1666364001.492575	-395
1666364001.496641	-396
1666364001.500686	-398
1666364001.504932	-400
1666364001.509077	-401
1666364001.513426	-403
1666364001.517529	-404
1666364001.521636	-406
1666364001.526053	-407
1666364001.530263	-409
1666364001.534445	-410
1666364001.538483	-412
1666364001.542953	-413
1666364001.546748	-415
1666364001.551191	-416
1666364001.555479	-417
1666364001.559437	-419
1666364001.563529	-420
1666364001.567765	-422
1666364001.572138	-423
1666364001.576341	-425
1666364001.580404	-426
1666364001.584608	-427
1666364001.588692	-429
1666364001.592867	-430
1666364001.597134	-432
1666364001.601202	-433
1666364001.605379	-434
1666364001.609762	-436
1666364001.613846	-437
1666364001.617894	-439
1666364001.622302	-440
1666364001.626278	-441
1666364001.630486	-443
1666364001.634999	-444
1666364001.639054	-445
1666364001.643165	-447
1666364001.647205	-448
1666364001.651704	-449
1666364001.655808	-451
1666364001.659988	-452
1666364001.664145	-453
1666364001.668156	-455
1666364001.672310	-456
1666364001.676896	-457
1666364001.680950	-459
1666364001.685096	-460
1666364001.689085	-461
1666364001.693261	-463
1666364001.697822	-464
1666364001.701608	-465
1666364001.706049	-466
1666364001.710066	-468
1666364001.714180	-469
1666364001.718580	-470
1666364001.722827	-472
1666364001.727010	-473
1666364001.731046	-474
1666364001.735124	-475
1666364001.739349	-477
1666364001.743753	-478
1666364001.747893	-479
1666364001.751991	-481
1666364001.756030	-482
1666364001.760191	-483
1666364001.764638	-484
1666364001.768796	-486
1666364001.772882	-487
1666364001.776989	-488
1666364001.781399	-489
1666364001.785585	-491
1666364001.789722	-492
1666364001.793699	-493
1666364001.797880	-494
1666364001.802066	-496
1666364001.806506	-497
1666364001.810645	-498
1666364001.814804	-499
1666364001.818840	-500
1666364001.820966	-500
1666364001.834809	-499
1666364001.838790	-498
1666364001.842900	-497
1666364001.847083	-496
1666364001.851246	-494
1666364001.855373	-493
1666364001.859587	-492
1666364001.863585	-491
1666364001.868006	-489
1666364001.872205	-488
1666364001.876467	-487
1666364001.880416	-486
1666364001.884580	-484
1666364001.888985	-483
1666364001.893154	-482
1666364001.897363	-481
1666364001.901463	-479
1666364001.905544	-478
1666364001.909739	-477
1666364001.914061	-475
1666364001.918317	-474
1666364001.922479	-473
1666364001.926485	-472
1666364001.930657	-470
1666364001.935041	-469
1666364001.939261	-468
1666364001.943413	-466
1666364001.947541	-465
1666364001.951663	-464
1666364001.956076	-463
1666364001.960232	-461
1666364001.964328	-460
1666364001.968447	-459
1666364001.972548	-457
1666364001.976722	-456
1666364001.981100	-455
1666364001.985234	-453
1666364001.989347	-452
1666364001.993484	-451
1666364001.997896	-449
1666364002.002109	-448
1666364002.006241	-447
1666364002.010273	-445
1666364002.014415	-444
1666364002.018885	-443
1666364002.023031	-441
1666364002.027105	-440
1666364002.031186	-439
1666364002.035632	-437
1666364002.039613	-436
1666364002.043792	-435
1666364002.048073	-433
1666364002.052082	-432
1666364002.056607	-430
1666364002.060831	-429
1666364002.064959	-428
1666364002.069062	-426
1666364002.073105	-425
1666364002.077293	-423
1666364002.081797	-422
1666364002.085614	-421
1666364002.089763	-419
1666364002.094000	-418
1666364002.098258	-416
1666364002.102587	-415
1666364002.106611	-413
1666364002.110952	-412
1666364002.114901	-410
1666364002.119415	-409
1666364002.123568	-407
1666364002.127689	-406
1666364002.131907	-404
1666364002.135922	-403
1666364002.140083	-401
1666364002.144563	-400
1666364002.148685	-398
1666364002.152851	-397
1666364002.156839	-395
1666364002.161023	-394
1666364002.165514	-392
1666364002.169662	-390
1666364002.173795	-389
1666364002.177874	-387
1666364002.181997	-386
1666364002.186388	-384
1666364002.190568	-383
1666364002.194682	-381
1666364002.198698	-379
1666364002.202939	-378
1666364002.207242	-376
1666364002.211538	-374
1666364002.215715	-373
1666364002.219700	-371
1666364002.223909	-369
1666364002.228317	-368
1666364002.232519	-366
1666364002.236658	-364
1666364002.240593	-363
1666364002.244982	-361
1666364002.249193	-359
1666364002.253423	-358
1666364002.257589	-356
1666364002.261556	-354
1666364002.265821	-353
1666364002.270172	-351
1666364002.274340	-349
1666364002.278533	-347
1666364002.282524	-346
1666364002.286967	-344
1666364002.291236	-342
1666364002.295294	-340
1666364002.299473	-339
1666364002.303501	-337
1666364002.307868	-335
1666364002.312069	-333
1666364002.316251	-332
1666364002.320403	-330
1666364002.324610	-328
1666364002.328634	-326
1666364002.333030	-324
1666364002.337218	-323
1666364002.341383	-321
1666364002.345520	-319
1666364002.349838	-317
1666364002.354066	-315
1666364002.358238	-314
1666364002.362318	-312
1666364002.366523	-310
1666364002.370557	-308
1666364002.374989	-306
1666364002.379190	-304
1666364002.383265	-303
1666364002.387283	-301
1666364002.391751	-299
1666364002.395926	-297
1666364002.400059	-295
1666364002.404177	-293
1666364002.408189	-292
1666364002.412402	-290
1666364002.416535	-288
1666364002.420978	-286
1666364002.425121	-284
1666364002.429160	-282
1666364002.433308	-281
1666364002.437698	-279
1666364002.441929	-277
1666364002.446066	-275
1666364002.450106	-273
1666364002.454224	-271
1666364002.458610	-269
1666364002.462633	-268
1666364002.467023	-266
1666364002.471012	-264
1666364002.475480	-262
1666364002.479678	-260
1666364002.483835	-258
1666364002.487939	-256
1666364002.491948	-255
1666364002.496446	-253
1666364002.500596	-251
1666364002.504623	-249
1666364002.508848	-247
1666364002.512873	-245
1666364002.517028	-243
1666364002.521392	-242
1666364002.525357	-240
1666364002.529777	-238
1666364002.533840	-236
1666364002.537951	-234
1666364002.542079	-232
1666364002.546188	-230
1666364002.550600	-229
1666364002.554596	-227
1666364002.558759	-225
1666364002.562861	-223
1666364002.567238	-221
1666364002.571248	-219
1666364002.575594	-218
1666364002.579674	-216
1666364002.583686	-214
1666364002.587866	-212
1666364002.592392	-210
1666364002.596464	-208
1666364002.600665	-207
1666364002.604682	-205
1666364002.609122	-203
1666364002.612970	-201
1666364002.617251	-199
1666364002.621422	-197
1666364002.625621	-196
1666364002.629553	-194
1666364002.633698	-192
1666364002.638078	-190
1666364002.642351	-188
1666364002.646446	-187
1666364002.650511	-185
1666364002.654570	-183
1666364002.658992	-181
1666364002.662941	-179
1666364002.667351	-178
1666364002.671453	-176
1666364002.675539	-174
1666364002.679826	-172
1666364002.684140	-170
1666364002.688177	-169
1666364002.692350	-167
1666364002.696393	-165
1666364002.700525	-163
1666364002.704910	-162
1666364002.709085	-160
1666364002.713270	-158
1666364002.717367	-156
1666364002.721348	-155
1666364002.725841	-153
1666364002.729932	-151
1666364002.734118	-149
1666364002.738210	-148
1666364002.742286	-146
1666364002.746368	-144
1666364002.750553	-143
1666364002.754944	-141
1666364002.759129	-139
1666364002.763245	-138
1666364002.767219	-136
1666364002.771682	-134
1666364002.775886	-132
1666364002.779994	-131
1666364002.784110	-129
1666364002.788145	-128
1666364002.792233	-126
1666364002.796837	-124
1666364002.800858	-123
1666364002.804979	-121
1666364002.809088	-119
1666364002.813081	-118
1666364002.817173	-116
1666364002.821718	-115
1666364002.825814	-113
1666364002.829992	-111
1666364002.834056	-110
1666364002.838130	-108
1666364002.842311	-107
1666364002.846758	-105
1666364002.850529	-104
1666364002.854748	-102
1666364002.859129	-101
1666364002.863314	-99
1666364002.867343	-97
1666364002.871536	-96
1666364002.875696	-94
1666364002.879820	-93
1666364002.883830	-92
1666364002.887908	-90
1666364002.892042	-89
1666364002.896403	-87
1666364002.900540	-86
1666364002.904659	-84
1666364002.908788	-83
1666364002.912814	-81
1666364002.916937	-80
1666364002.921288	-79
1666364002.925388	-77
1666364002.929441	-76
1666364002.933474	-74
1666364002.937747	-73
1666364002.941739	-71
1666364002.945791	-70
1666364002.950321	-69
1666364002.954317	-67
1666364002.958472	-66
1666364002.962604	-65
1666364002.966639	-63
1666364002.970646	-62
1666364002.974779	-61
1666364002.978922	-59
1666364002.983027	-58
1666364002.987163	-56
1666364002.991486	-55
1666364002.995512	-54
1666364002.999620	-53
1666364003.003758	-51
1666364003.008110	-50
1666364003.012241	-49
1666364003.016365	-47
1666364003.020494	-46
1666364003.024508	-45
1666364003.028553	-43
1666364003.032743	-42
1666364003.036855	-41
1666364003.041225	-39
1666364003.045304	-38
1666364003.049467	-37
1666364003.053468	-36
1666364003.057534	-34
1666364003.061680	-33
1666364003.065991	-32
1666364003.070023	-30
1666364003.074099	-29
1666364003.078388	-28
1666364003.082409	-27
1666364003.086529	-25
1666364003.090633	-24
1666364003.095078	-23
1666364003.099105	-22
1666364003.103275	-20
1666364003.107289	-19
1666364003.111320	-18
1666364003.115756	-17
1666364003.119782	-15
1666364003.123949	-14
1666364003.128068	-13
1666364003.132172	-12
1666364003.136228	-10
1666364003.140284	-9
1666364003.144363	-8
1666364003.148719	-7
1666364003.152913	-5
1666364003.156938	-4
1666364003.160912	-3
1666364003.164732	-2
1666364003.169095	0
1666364003.173147	0
1666364003.175154	0
