## Values
## High Speed = 600
## Low Speed = 300
## Acceleration = 3000
## Deceleration = 0
## Position = 0
## Idle Time = 1
## Accel/Decel profile = Sinusoidal
## Dwell time = 0.0
## Length = 500
## Cycles = 3


1666363984.034258	0
1666363984.038639	0
1666363984.040374	0
1666363984.054195	0
1666363984.058148	-2
1666363984.062169	-3
1666363984.066266	-4
1666363984.070339	-5
1666363984.074440	-7
1666363984.078564	-8
1666363984.082768	-9
1666363984.086889	-10
1666363984.091001	-12
1666363984.095072	-13
1666363984.099292	-14
1666363984.103305	-15
1666363984.107452	-17
1666363984.111644	-18
1666363984.115741	-19
1666363984.119873	-20
1666363984.124007	-22
1666363984.128385	-23
1666363984.132308	-24
1666363984.136595	-25
1666363984.140695	-27
1666363984.145010	-28
1666363984.149028	-29
1666363984.153069	-30
1666363984.157250	-32
1666363984.161518	-33
1666363984.165562	-34
1666363984.169757	-36
1666363984.173848	-37
1666363984.178089	-38
1666363984.182117	-40
1666363984.186329	-41
1666363984.190480	-42
1666363984.194681	-43
1666363984.198866	-45
1666363984.202790	-46
1666363984.206965	-47
1666363984.211139	-49
1666363984.215361	-50
1666363984.219466	-51
1666363984.223626	-53
1666363984.227695	-54
1666363984.231825	-55
1666363984.236041	-57
1666363984.240142	-58
1666363984.244289	-60
1666363984.248346	-61
1666363984.252594	-62
1666363984.256551	-64
1666363984.260895	-65
1666363984.264854	-67
1666363984.269150	-68
1666363984.273261	-69
1666363984.277392	-71
1666363984.281556	-72
1666363984.285641	-74
1666363984.289906	-75
1666363984.293918	-77
1666363984.298020	-78
1666363984.302264	-79
1666363984.306260	-81
1666363984.310522	-82
1666363984.314623	-84
1666363984.318848	-85
1666363984.322931	-87
1666363984.327121	-88
1666363984.331167	-90
1666363984.335367	-91
1666363984.339477	-93
1666363984.343729	-95
1666363984.347822	-96
1666363984.351857	-98
1666363984.356114	-99
1666363984.360368	-101
1666363984.364438	-102
1666363984.368574	-104
1666363984.372820	-106
1666363984.377067	-107
1666363984.381043	-109
1666363984.385248	-111
1666363984.389510	-112
1666363984.393703	-114
1666363984.397730	-116
1666363984.402062	-117
1666363984.406198	-119
1666363984.410442	-121
1666363984.414448	-122
1666363984.418743	-124
1666363984.422811	-126
1666363984.427109	-128
1666363984.431177	-129
1666363984.435253	-131
1666363984.439664	-133
1666363984.443788	-135
1666363984.447852	-136
1666363984.452135	-138
1666363984.456317	-140
1666363984.460443	-142
1666363984.464561	-144
1666363984.468824	-145
1666363984.473037	-147
1666363984.477171	-149
1666363984.481285	-151
1666363984.485494	-153
1666363984.489638	-155
1666363984.493855	-156
1666363984.497931	-158
1666363984.502086	-160
1666363984.506283	-162
1666363984.510531	-164
1666363984.514587	-166
1666363984.518856	-168
1666363984.522938	-170
1666363984.527214	-171
1666363984.531297	-173
1666363984.535467	-175
1666363984.539664	-177
1666363984.543903	-179
1666363984.547921	-181
1666363984.552041	-183
1666363984.556412	-185
1666363984.560572	-187
1666363984.564655	-189
1666363984.568829	-191
1666363984.572935	-193
1666363984.577213	-194
1666363984.581339	-196
1666363984.585588	-198
1666363984.589765	-200
1666363984.593904	-202
1666363984.598003	-204
1666363984.602246	-206
1666363984.606354	-208
1666363984.610622	-210
1666363984.614773	-212
1666363984.618933	-214
1666363984.623123	-216
1666363984.627349	-218
1666363984.631444	-220
1666363984.635514	-222
1666363984.639800	-224
1666363984.644002	-226
1666363984.648065	-228
1666363984.652369	-230
1666363984.656586	-232
1666363984.660750	-234
1666363984.664847	-236
1666363984.669227	-238
1666363984.673293	-240
1666363984.677401	-242
1666363984.681528	-244
1666363984.685752	-246
1666363984.689893	-248
1666363984.694092	-250
1666363984.698170	-252
1666363984.702290	-254
1666363984.706541	-256
1666363984.710718	-258
1666363984.714885	-260
1666363984.719102	-262
1666363984.723294	-264
1666363984.727490	-266
1666363984.731638	-268
1666363984.735877	-269
1666363984.740061	-271
1666363984.744257	-273
1666363984.748380	-275
1666363984.752671	-277
1666363984.756834	-279
1666363984.760972	-281
1666363984.765217	-283
1666363984.769358	-285
1666363984.773604	-287
1666363984.777731	-289
1666363984.781933	-291
1666363984.786143	-293
1666363984.790287	-295
1666363984.794530	-297
1666363984.798659	-299
1666363984.802875	-301
1666363984.807014	-303
1666363984.811229	-305
1666363984.815398	-307
1666363984.819475	-309
1666363984.823675	-311
1666363984.827889	-313
1666363984.832053	-315
1666363984.836310	-317
1666363984.840443	-319
1666363984.844752	-320
1666363984.848922	-322
1666363984.853070	-324
1666363984.857156	-326
1666363984.861470	-328
1666363984.865551	-330
1666363984.869920	-332
1666363984.873897	-334
1666363984.878193	-336
1666363984.882232	-338
1666363984.886543	-339
1666363984.890765	-341
1666363984.894816	-343
1666363984.898986	-345
1666363984.903252	-347
1666363984.907401	-349
1666363984.911525	-351
1666363984.915705	-352
1666363984.919866	-354
1666363984.924183	-356
1666363984.928268	-358
1666363984.932440	-360
1666363984.936592	-361
1666363984.940867	-363
1666363984.945096	-365
1666363984.949181	-367
1666363984.953415	-369
1666363984.957630	-370
1666363984.961797	-372
1666363984.966013	-374
1666363984.970249	-376
1666363984.974395	-377
1666363984.978506	-379
1666363984.982740	-381
1666363984.986970	-383
1666363984.991208	-384
1666363984.995347	-386
1666363984.999486	-388
1666363985.003649	-389
1666363985.007796	-391
1666363985.012113	-393
1666363985.016305	-394
1666363985.020460	-396
1666363985.024581	-398
1666363985.028686	-399
1666363985.033075	-401
1666363985.037237	-402
1666363985.041454	-404
1666363985.045495	-406
1666363985.049628	-407
1666363985.053835	-409
1666363985.058245	-410
1666363985.062439	-412
1666363985.066568	-413
1666363985.070556	-415
1666363985.074989	-416
1666363985.079184	-418
1666363985.083392	-419
1666363985.087519	-421
1666363985.091529	-422
1666363985.095990	-424
1666363985.099886	-425
1666363985.104306	-427
1666363985.108475	-428
1666363985.112572	-430
1666363985.116644	-431
1666363985.121201	-433
1666363985.125288	-434
1666363985.129425	-435
1666363985.133442	-437
1666363985.137590	-438
1666363985.142141	-440
1666363985.146215	-441
1666363985.150307	-442
1666363985.154352	-444
1666363985.158850	-445
1666363985.163115	-447
1666363985.167109	-448
1666363985.171269	-449
1666363985.175322	-451
1666363985.179740	-452
1666363985.183542	-453
1666363985.187979	-455
1666363985.192184	-456
1666363985.196230	-457
1666363985.200337	-459
1666363985.204720	-460
1666363985.208889	-461
1666363985.213121	-463
1666363985.217149	-464
1666363985.221361	-465
1666363985.225761	-467
1666363985.229855	-468
1666363985.234052	-469
1666363985.238129	-470
1666363985.242236	-472
1666363985.246403	-473
1666363985.250816	-474
1666363985.255002	-476
1666363985.259052	-477
1666363985.263516	-478
1666363985.267271	-479
1666363985.271489	-481
1666363985.275853	-482
1666363985.279977	-483
1666363985.284093	-485
1666363985.288474	-486
1666363985.292414	-487
1666363985.296609	-488
1666363985.300922	-490
1666363985.305047	-491
1666363985.309410	-492
1666363985.313407	-493
1666363985.317540	-495
1666363985.321696	-496
1666363985.326088	-497
1666363985.330080	-498
1666363985.334234	-500
1666363985.338747	-500
1666363985.340785	-500
1666363985.354371	-499
1666363985.358555	-498
1666363985.362692	-497
1666363985.366846	-496
1666363985.371029	-494
1666363985.375257	-493
1666363985.379409	-492
1666363985.383524	-491
1666363985.387755	-489
1666363985.392017	-488
1666363985.396229	-487
1666363985.400405	-486
1666363985.404524	-484
1666363985.408821	-483
1666363985.413030	-482
1666363985.417195	-481
1666363985.421250	-479
1666363985.425479	-478
1666363985.429668	-477
1666363985.433935	-475
1666363985.438133	-474
1666363985.442307	-473
1666363985.446452	-472
1666363985.450522	-470
1666363985.454892	-469
1666363985.459112	-468
1666363985.463293	-466
1666363985.467424	-465
1666363985.471528	-464
1666363985.475706	-462
1666363985.480050	-461
1666363985.484235	-460
1666363985.488417	-459
1666363985.492585	-457
1666363985.496646	-456
1666363985.501004	-455
1666363985.505181	-453
1666363985.509328	-452
1666363985.513367	-450
1666363985.517790	-449
1666363985.521834	-448
1666363985.526128	-446
1666363985.530166	-445
1666363985.534432	-444
1666363985.538616	-442
1666363985.542728	-441
1666363985.547040	-440
1666363985.551136	-438
1666363985.555344	-437
1666363985.559456	-435
1666363985.563772	-434
1666363985.567781	-432
1666363985.572082	-431
1666363985.576175	-430
1666363985.580524	-428
1666363985.584766	-427
1666363985.588915	-425
1666363985.592905	-424
1666363985.597146	-422
1666363985.601427	-421
1666363985.605638	-419
1666363985.609640	-418
1666363985.614024	-416
1666363985.618027	-415
1666363985.622241	-413
1666363985.626471	-412
1666363985.630806	-410
1666363985.634845	-409
1666363985.639096	-407
1666363985.643275	-406
1666363985.647443	-404
1666363985.651693	-402
1666363985.655863	-401
1666363985.660056	-399
1666363985.664161	-398
1666363985.668624	-396
1666363985.672666	-394
1666363985.676780	-393
1666363985.681001	-391
1666363985.685092	-389
1666363985.689443	-388
1666363985.693550	-386
1666363985.697688	-384
1666363985.701966	-383
1666363985.706244	-381
1666363985.710233	-379
1666363985.714519	-378
1666363985.718834	-376
1666363985.722949	-374
1666363985.727069	-372
1666363985.731200	-371
1666363985.735418	-369
1666363985.739666	-367
1666363985.743862	-365
1666363985.747963	-363
1666363985.752315	-362
1666363985.756485	-360
1666363985.760619	-358
1666363985.764796	-356
1666363985.769083	-354
1666363985.773246	-353
1666363985.777401	-351
1666363985.781515	-349
1666363985.785883	-347
1666363985.789884	-345
1666363985.794165	-343
1666363985.798244	-341
1666363985.802418	-340
1666363985.806626	-338
1666363985.810921	-336
1666363985.814975	-334
1666363985.819101	-332
1666363985.823350	-330
1666363985.827660	-328
1666363985.831721	-326
1666363985.836095	-324
1666363985.840153	-323
1666363985.844351	-321
1666363985.848499	-319
1666363985.852759	-317
1666363985.856814	-315
1666363985.861184	-313
1666363985.865198	-311
1666363985.869489	-309
1666363985.873598	-307
1666363985.877874	-305
1666363985.881952	-303
1666363985.886091	-301
1666363985.890313	-299
1666363985.894709	-297
1666363985.898732	-295
1666363985.902936	-293
1666363985.907111	-291
1666363985.911412	-289
1666363985.915388	-288
1666363985.919815	-286
1666363985.923943	-284
1666363985.928050	-282
1666363985.932186	-280
1666363985.936492	-278
1666363985.940667	-276
1666363985.944819	-274
1666363985.949054	-272
1666363985.953210	-270
1666363985.957453	-268
1666363985.961662	-266
1666363985.965721	-264
1666363985.970061	-262
1666363985.974266	-260
1666363985.978353	-258
1666363985.982543	-256
1666363985.986773	-254
1666363985.990851	-252
1666363985.995009	-250
1666363985.999374	-248
1666363986.003428	-246
1666363986.007595	-244
1666363986.011693	-242
1666363986.015814	-240
1666363986.020021	-238
1666363986.024244	-236
1666363986.028379	-234
1666363986.032545	-232
1666363986.036758	-230
1666363986.040830	-228
1666363986.045094	-226
1666363986.049285	-224
1666363986.053424	-222
1666363986.057577	-220
1666363986.061737	-218
1666363986.065922	-216
1666363986.070055	-214
1666363986.074386	-212
1666363986.078479	-210
1666363986.082669	-208
1666363986.086857	-206
1666363986.090981	-204
1666363986.095141	-202
1666363986.099300	-201
1666363986.103783	-199
1666363986.107677	-197
1666363986.111885	-195
1666363986.116086	-193
1666363986.120230	-191
1666363986.124406	-189
1666363986.128501	-187
1666363986.132642	-185
1666363986.136791	-183
1666363986.141025	-181
1666363986.145152	-179
1666363986.149337	-177
1666363986.153569	-175
1666363986.157536	-174
1666363986.161763	-172
1666363986.165993	-170
1666363986.170259	-168
1666363986.174470	-166
1666363986.178526	-164
1666363986.182623	-162
1666363986.186862	-160
1666363986.191052	-158
1666363986.195124	-157
1666363986.199339	-155
1666363986.203534	-153
1666363986.207674	-151
1666363986.211829	-149
1666363986.215965	-147
1666363986.220229	-146
1666363986.224397	-144
1666363986.228499	-142
1666363986.232651	-140
1666363986.236899	-138
1666363986.241047	-137
1666363986.245157	-135
1666363986.249338	-133
1666363986.253590	-131
1666363986.257771	-130
1666363986.261859	-128
1666363986.265984	-126
1666363986.270259	-124
1666363986.274398	-123
1666363986.278587	-121
1666363986.282703	-119
1666363986.286961	-117
1666363986.291113	-116
1666363986.295284	-114
1666363986.299366	-112
1666363986.303587	-111
1666363986.307775	-109
1666363986.311925	-107
1666363986.316028	-106
1666363986.320329	-104
1666363986.324380	-102
1666363986.328586	-101
1666363986.332610	-99
1666363986.336861	-98
1666363986.341044	-96
1666363986.345224	-95
1666363986.349208	-93
1666363986.353516	-91
1666363986.357661	-90
1666363986.361834	-88
1666363986.365813	-87
1666363986.369908	-85
1666363986.374061	-84
1666363986.378385	-82
1666363986.382342	-81
1666363986.386608	-79
1666363986.390612	-78
1666363986.394892	-76
1666363986.398896	-75
1666363986.403192	-74
1666363986.407288	-72
1666363986.411469	-71
1666363986.415558	-69
1666363986.419660	-68
1666363986.423800	-66
1666363986.427943	-65
1666363986.431993	-64
1666363986.436182	-62
1666363986.440384	-61
1666363986.444557	-59
1666363986.448580	-58
1666363986.452704	-57
1666363986.456828	-55
1666363986.461004	-54
1666363986.465175	-53
1666363986.469279	-51
1666363986.473385	-50
1666363986.477604	-49
1666363986.481614	-47
1666363986.485776	-46
1666363986.489841	-45
1666363986.494100	-43
1666363986.498249	-42
1666363986.502387	-41
1666363986.506452	-39
1666363986.510620	-38
1666363986.514836	-37
1666363986.518931	-35
1666363986.523118	-34
1666363986.527270	-33
1666363986.531351	-32
1666363986.535456	-30
1666363986.539614	-29
1666363986.543775	-28
1666363986.547945	-26
1666363986.552099	-25
1666363986.556239	-24
1666363986.560430	-23
1666363986.564582	-21
1666363986.568515	-20
1666363986.572620	-19
1666363986.576875	-18
1666363986.580913	-16
1666363986.584974	-15
1666363986.589281	-14
1666363986.593410	-13
1666363986.597481	-11
1666363986.601585	-10
1666363986.605841	-9
1666363986.609890	-8
1666363986.613987	-6
1666363986.617946	-5
1666363986.622200	-4
1666363986.626141	-3
1666363986.630322	-1
1666363986.634304	0
1666363986.638819	0
1666363986.640584	0
1666363986.642764	0
1666363986.646949	0
1666363986.648907	0
1666363986.662379	-1
1666363986.666277	-2
1666363986.670502	-3
1666363986.674601	-4
1666363986.678706	-5
1666363986.682755	-7
1666363986.686879	-8
1666363986.690988	-9
1666363986.695026	-10
1666363986.699223	-12
1666363986.703350	-13
1666363986.707478	-14
1666363986.711656	-15
1666363986.715849	-17
1666363986.719954	-18
1666363986.724061	-19
1666363986.728288	-20
1666363986.732272	-22
1666363986.736531	-23
1666363986.740608	-24
1666363986.744824	-25
1666363986.748905	-27
1666363986.753012	-28
1666363986.757173	-29
1666363986.761252	-31
1666363986.765470	-32
1666363986.769617	-33
1666363986.773731	-34
1666363986.777989	-36
1666363986.781989	-37
1666363986.786083	-38
1666363986.790260	-40
1666363986.794661	-41
1666363986.798489	-42
1666363986.802646	-44
1666363986.806969	-45
1666363986.810970	-46
1666363986.815210	-47
1666363986.819315	-49
1666363986.823335	-50
1666363986.827504	-51
1666363986.831741	-53
1666363986.835757	-54
1666363986.839909	-56
1666363986.844078	-57
1666363986.848326	-58
1666363986.852274	-60
1666363986.856625	-61
1666363986.860568	-62
1666363986.864731	-64
1666363986.869167	-65
1666363986.872955	-67
1666363986.877321	-68
1666363986.881271	-69
1666363986.885527	-71
1666363986.889599	-72
1666363986.893728	-74
1666363986.897867	-75
1666363986.902102	-77
1666363986.906229	-78
1666363986.910388	-80
1666363986.914474	-81
1666363986.918668	-82
1666363986.922799	-84
1666363986.927022	-85
1666363986.931114	-87
1666363986.935234	-89
1666363986.939345	-90
1666363986.943466	-92
1666363986.947603	-93
1666363986.951863	-95
1666363986.955945	-96
1666363986.959998	-98
1666363986.964261	-99
1666363986.968368	-101
1666363986.972486	-103
1666363986.976819	-104
1666363986.980958	-106
1666363986.985125	-107
1666363986.989280	-109
1666363986.993325	-111
1666363986.997471	-112
1666363987.001760	-114
1666363987.005991	-116
1666363987.010201	-117
1666363987.014311	-119
1666363987.018306	-121
1666363987.022591	-123
1666363987.026900	-124
1666363987.031067	-126
1666363987.035211	-128
1666363987.039205	-129
1666363987.043414	-131
1666363987.047765	-133
1666363987.051811	-135
1666363987.056117	-137
1666363987.060135	-138
1666363987.064273	-140
1666363987.068608	-142
1666363987.072808	-144
1666363987.076781	-146
1666363987.081094	-147
1666363987.085130	-149
1666363987.089287	-151
1666363987.093492	-153
1666363987.097631	-155
1666363987.101792	-157
1666363987.105981	-158
1666363987.110214	-160
1666363987.114607	-162
1666363987.118738	-164
1666363987.122826	-166
1666363987.127175	-168
1666363987.131114	-170
1666363987.135276	-172
1666363987.139421	-173
1666363987.143631	-175
1666363987.147718	-177
1666363987.152038	-179
1666363987.156124	-181
1666363987.160307	-183
1666363987.164624	-185
1666363987.168855	-187
1666363987.172707	-189
1666363987.176935	-191
1666363987.181197	-193
1666363987.185328	-195
1666363987.189458	-197
1666363987.193638	-198
1666363987.197780	-200
1666363987.201929	-202
1666363987.206184	-204
1666363987.210377	-206
1666363987.214585	-208
1666363987.218698	-210
1666363987.222915	-212
1666363987.227115	-214
1666363987.231156	-216
1666363987.235400	-218
1666363987.239612	-220
1666363987.243768	-222
1666363987.248029	-224
1666363987.252167	-226
1666363987.256392	-228
1666363987.260497	-230
1666363987.264631	-232
1666363987.268862	-234
1666363987.273045	-236
1666363987.277210	-238
1666363987.281322	-240
1666363987.285549	-242
1666363987.289663	-244
1666363987.293898	-246
1666363987.297977	-248
1666363987.302138	-250
1666363987.306335	-252
1666363987.310554	-254
1666363987.314722	-256
1666363987.318929	-258
1666363987.323036	-260
1666363987.327285	-262
1666363987.331397	-264
1666363987.335626	-266
1666363987.339875	-268
1666363987.344043	-270
1666363987.348199	-272
1666363987.352317	-274
1666363987.356611	-276
1666363987.360719	-278
1666363987.364872	-280
1666363987.369072	-282
1666363987.373261	-283
1666363987.377524	-285
1666363987.381818	-287
1666363987.386100	-289
1666363987.390065	-291
1666363987.394196	-293
1666363987.398513	-295
1666363987.402643	-297
1666363987.406882	-299
1666363987.410917	-301
1666363987.415180	-303
1666363987.419292	-305
1666363987.423615	-307
1666363987.427600	-309
1666363987.431981	-311
1666363987.436164	-313
1666363987.440172	-315
1666363987.444357	-317
1666363987.448533	-319
1666363987.452857	-321
1666363987.457054	-323
1666363987.461066	-324
1666363987.465379	-326
1666363987.469694	-328
1666363987.473697	-330
1666363987.477895	-332
1666363987.482047	-334
1666363987.486214	-336
1666363987.490428	-338
1666363987.494594	-340
1666363987.498787	-341
1666363987.502915	-343
1666363987.507146	-345
1666363987.511440	-347
1666363987.515560	-349
1666363987.519572	-351
1666363987.523814	-353
1666363987.528005	-354
1666363987.532166	-356
1666363987.536409	-358
1666363987.540581	-360
1666363987.544782	-362
1666363987.548953	-363
1666363987.553155	-365
1666363987.557453	-367
1666363987.561461	-369
1666363987.565688	-371
1666363987.569902	-372
1666363987.574209	-374
1666363987.578409	-376
1666363987.582607	-378
1666363987.586778	-379
1666363987.590836	-381
1666363987.595158	-383
1666363987.599145	-384
1666363987.603664	-386
1666363987.607628	-388
1666363987.611878	-389
1666363987.616097	-391
1666363987.620279	-393
1666363987.624336	-394
1666363987.628587	-396
1666363987.632715	-398
1666363987.636862	-399
1666363987.641150	-401
1666363987.645321	-402
1666363987.649486	-404
1666363987.653643	-406
1666363987.657901	-407
1666363987.662114	-409
1666363987.666287	-410
1666363987.670480	-412
1666363987.674624	-413
1666363987.678904	-415
1666363987.683148	-416
1666363987.687357	-418
1666363987.691502	-419
1666363987.695467	-421
1666363987.699681	-422
1666363987.703904	-424
1666363987.708226	-425
1666363987.712460	-427
1666363987.716477	-428
1666363987.720642	-430
1666363987.725042	-431
1666363987.729207	-433
1666363987.733372	-434
1666363987.737423	-436
1666363987.741565	-437
1666363987.745959	-438
1666363987.750112	-440
1666363987.754093	-441
1666363987.758353	-443
1666363987.762649	-444
1666363987.766830	-445
1666363987.771006	-447
1666363987.775187	-448
1666363987.779285	-449
1666363987.783360	-451
1666363987.787576	-452
1666363987.791730	-453
1666363987.796131	-455
1666363987.800246	-456
1666363987.804333	-457
1666363987.808712	-459
1666363987.812878	-460
1666363987.817084	-461
1666363987.821178	-463
1666363987.825292	-464
1666363987.829386	-465
1666363987.833771	-467
1666363987.837977	-468
1666363987.842111	-469
1666363987.846148	-471
1666363987.850370	-472
1666363987.854511	-473
1666363987.858941	-474
1666363987.863081	-476
1666363987.867068	-477
1666363987.871268	-478
1666363987.875602	-480
1666363987.879881	-481
1666363987.883837	-482
1666363987.888011	-483
1666363987.892195	-485
1666363987.896324	-486
1666363987.900875	-487
1666363987.904896	-488
1666363987.909066	-490
1666363987.913261	-491
1666363987.917432	-492
1666363987.921533	-493
1666363987.925784	-495
1666363987.929889	-496
1666363987.934040	-497
1666363987.938430	-499
1666363987.942370	-500
1666363987.946835	-500
1666363987.948765	-500
1666363987.962557	-499
1666363987.966619	-498
1666363987.970708	-497
1666363987.974792	-496
1666363987.979117	-494
1666363987.983251	-493
1666363987.987406	-492
1666363987.991531	-491
1666363987.995760	-489
1666363987.999973	-488
1666363988.004085	-487
1666363988.008464	-486
1666363988.012509	-484
1666363988.016682	-483
1666363988.021008	-482
1666363988.025189	-481
1666363988.029308	-479
1666363988.033478	-478
1666363988.037656	-477
1666363988.041791	-475
1666363988.046000	-474
1666363988.050261	-473
1666363988.054465	-472
1666363988.058665	-470
1666363988.062795	-469
1666363988.067048	-468
1666363988.071127	-466
1666363988.075603	-465
1666363988.079630	-464
1666363988.083786	-462
1666363988.088062	-461
1666363988.092347	-460
1666363988.096352	-459
1666363988.100571	-457
1666363988.104797	-456
1666363988.108867	-455
1666363988.113183	-453
1666363988.117265	-452
1666363988.121439	-450
1666363988.125654	-449
1666363988.129856	-448
1666363988.134080	-446
1666363988.138108	-445
1666363988.142479	-444
1666363988.146611	-442
1666363988.150826	-441
1666363988.154885	-440
1666363988.159300	-438
1666363988.163249	-437
1666363988.167482	-435
1666363988.171723	-434
1666363988.175923	-432
1666363988.180131	-431
1666363988.184297	-430
1666363988.188496	-428
1666363988.192670	-427
1666363988.196856	-425
1666363988.200958	-424
1666363988.205180	-422
1666363988.209293	-421
1666363988.213501	-419
1666363988.217705	-418
1666363988.221881	-416
1666363988.226054	-415
1666363988.230232	-413
1666363988.234530	-412
1666363988.238646	-410
1666363988.242907	-409
1666363988.247131	-407
1666363988.251335	-406
1666363988.255454	-404
1666363988.259632	-402
1666363988.263918	-401
1666363988.267971	-399
1666363988.272129	-398
1666363988.276412	-396
1666363988.280700	-394
1666363988.284797	-393
1666363988.289039	-391
1666363988.293090	-389
1666363988.297373	-388
1666363988.301615	-386
1666363988.305676	-384
1666363988.309923	-383
1666363988.314061	-381
1666363988.318385	-379
1666363988.322531	-377
1666363988.326742	-376
1666363988.330976	-374
1666363988.335008	-372
1666363988.339240	-371
1666363988.343387	-369
1666363988.347587	-367
1666363988.351786	-365
1666363988.356079	-363
1666363988.360137	-362
1666363988.364437	-360
1666363988.368562	-358
1666363988.372800	-356
1666363988.377008	-354
1666363988.381116	-353
1666363988.385363	-351
1666363988.389504	-349
1666363988.393635	-347
1666363988.397883	-345
1666363988.401998	-343
1666363988.406208	-341
1666363988.410521	-340
1666363988.414585	-338
1666363988.418964	-336
1666363988.423071	-334
1666363988.427147	-332
1666363988.431361	-330
1666363988.435589	-328
1666363988.439778	-326
1666363988.443873	-324
1666363988.448057	-323
1666363988.452372	-321
1666363988.456480	-319
1666363988.460769	-317
1666363988.464779	-315
1666363988.469096	-313
1666363988.473265	-311
1666363988.477359	-309
1666363988.481500	-307
1666363988.485797	-305
1666363988.489978	-303
1666363988.494218	-301
1666363988.498257	-299
1666363988.502573	-297
1666363988.506756	-295
1666363988.510939	-293
1666363988.515063	-291
1666363988.519267	-289
1666363988.523446	-288
1666363988.527635	-286
1666363988.531878	-284
1666363988.536126	-282
1666363988.540178	-280
1666363988.544435	-278
1666363988.548641	-276
1666363988.552887	-274
1666363988.557098	-272
1666363988.561201	-270
1666363988.565406	-268
1666363988.569523	-266
1666363988.573870	-264
1666363988.578007	-262
1666363988.582059	-260
1666363988.586274	-258
1666363988.590574	-256
1666363988.594657	-254
1666363988.598857	-252
1666363988.602935	-250
1666363988.607223	-248
1666363988.611328	-246
1666363988.615511	-244
1666363988.619654	-242
1666363988.623809	-240
1666363988.627965	-238
1666363988.632142	-236
1666363988.636314	-234
1666363988.640526	-232
1666363988.644639	-230
1666363988.648829	-228
1666363988.653008	-226
1666363988.657227	-224
1666363988.661395	-222
1666363988.665536	-220
1666363988.669773	-218
1666363988.673908	-216
1666363988.678240	-214
1666363988.682338	-212
1666363988.686485	-210
1666363988.690667	-208
1666363988.694765	-206
1666363988.699016	-204
1666363988.703170	-202
1666363988.707311	-201
1666363988.711440	-199
1666363988.715655	-197
1666363988.719774	-195
1666363988.724024	-193
1666363988.728271	-191
1666363988.732320	-189
1666363988.736538	-187
1666363988.740673	-185
1666363988.744790	-183
1666363988.748996	-181
1666363988.753212	-179
1666363988.757300	-177
1666363988.761435	-175
1666363988.765662	-174
1666363988.769884	-172
1666363988.774041	-170
1666363988.778178	-168
1666363988.782359	-166
1666363988.786483	-164
1666363988.790559	-162
1666363988.794888	-160
1666363988.798993	-158
1666363988.803179	-157
1666363988.807315	-155
1666363988.811608	-153
1666363988.815639	-151
1666363988.819727	-149
1666363988.824086	-147
1666363988.828271	-146
1666363988.832419	-144
1666363988.836337	-142
1666363988.840521	-140
1666363988.844827	-138
1666363988.849097	-137
1666363988.853219	-135
1666363988.857256	-133
1666363988.861513	-131
1666363988.865802	-130
1666363988.869981	-128
1666363988.874124	-126
1666363988.878305	-124
1666363988.882293	-123
1666363988.886730	-121
1666363988.890810	-119
1666363988.895027	-117
1666363988.898983	-116
1666363988.903243	-114
1666363988.907357	-112
1666363988.911478	-111
1666363988.915859	-109
1666363988.920026	-107
1666363988.924131	-106
1666363988.928172	-104
1666363988.932408	-102
1666363988.936589	-101
1666363988.940859	-99
1666363988.944872	-98
1666363988.948967	-96
1666363988.953092	-95
1666363988.957233	-93
1666363988.961404	-91
1666363988.965588	-90
1666363988.969767	-88
1666363988.973906	-87
1666363988.977869	-85
1666363988.981993	-84
1666363988.986331	-82
1666363988.990484	-81
1666363988.994590	-79
1666363988.998753	-78
1666363989.002846	-76
1666363989.006876	-75
1666363989.011128	-74
1666363989.015253	-72
1666363989.019362	-71
1666363989.023479	-69
1666363989.027598	-68
1666363989.031833	-66
1666363989.035893	-65
1666363989.039985	-64
1666363989.044242	-62
1666363989.048272	-61
1666363989.052492	-59
1666363989.056571	-58
1666363989.060752	-57
1666363989.064839	-55
1666363989.069034	-54
1666363989.073130	-53
1666363989.077201	-51
1666363989.081418	-50
1666363989.085504	-49
1666363989.089612	-47
1666363989.093701	-46
1666363989.097877	-45
1666363989.102108	-43
1666363989.106134	-42
1666363989.110396	-41
1666363989.114447	-39
1666363989.118603	-38
1666363989.122750	-37
1666363989.126947	-35
1666363989.130962	-34
1666363989.135239	-33
1666363989.139349	-32
1666363989.143433	-30
1666363989.147591	-29
1666363989.151733	-28
1666363989.155900	-26
1666363989.160057	-25
1666363989.164153	-24
1666363989.168307	-23
1666363989.172309	-21
1666363989.176543	-20
1666363989.180655	-19
1666363989.184747	-18
1666363989.188992	-16
1666363989.193317	-15
1666363989.197289	-14
1666363989.201278	-13
1666363989.205434	-11
1666363989.209649	-10
1666363989.213807	-9
1666363989.217924	-8
1666363989.222021	-6
1666363989.226077	-5
1666363989.230093	-4
1666363989.234252	-3
1666363989.238307	-1
1666363989.242350	0
1666363989.246779	0
1666363989.248691	0
1666363989.250728	0
1666363989.254957	0
1666363989.256768	0
1666363989.270226	-1
1666363989.274409	-2
1666363989.278596	-3
1666363989.282521	-4
1666363989.286758	-5
1666363989.290755	-7
1666363989.294942	-8
1666363989.299062	-9
1666363989.303174	-10
1666363989.307188	-12
1666363989.311292	-13
1666363989.315590	-14
1666363989.319721	-15
1666363989.323938	-17
1666363989.328050	-18
1666363989.332134	-19
1666363989.336157	-20
1666363989.340283	-22
1666363989.344634	-23
1666363989.348747	-24
1666363989.352902	-25
1666363989.357005	-27
1666363989.361090	-28
1666363989.365080	-29
1666363989.369569	-31
1666363989.373605	-32
1666363989.377762	-33
1666363989.381871	-34
1666363989.385967	-36
1666363989.390011	-37
1666363989.394109	-38
1666363989.398496	-40
1666363989.402310	-41
1666363989.406746	-42
1666363989.410870	-44
1666363989.414941	-45
1666363989.418971	-46
1666363989.423080	-47
1666363989.427430	-49
1666363989.431575	-50
1666363989.435750	-51
1666363989.439801	-53
1666363989.443847	-54
1666363989.447875	-56
1666363989.451979	-57
1666363989.456570	-58
1666363989.460436	-60
1666363989.464671	-61
1666363989.468779	-62
1666363989.472792	-64
1666363989.476811	-65
1666363989.481286	-67
1666363989.485222	-68
1666363989.489477	-69
1666363989.493618	-71
1666363989.497723	-72
1666363989.501720	-74
1666363989.505824	-75
1666363989.510000	-77
1666363989.514078	-78
1666363989.518499	-80
1666363989.522621	-81
1666363989.526674	-82
1666363989.530607	-84
1666363989.535005	-85
1666363989.539207	-87
1666363989.543309	-89
1666363989.547386	-90
1666363989.551553	-92
1666363989.555559	-93
1666363989.560029	-95
1666363989.563816	-96
1666363989.568205	-98
1666363989.572347	-99
1666363989.576473	-101
1666363989.580448	-103
1666363989.584928	-104
1666363989.588963	-106
1666363989.593218	-107
1666363989.597326	-109
1666363989.601441	-111
1666363989.605480	-112
1666363989.609866	-114
1666363989.614107	-116
1666363989.618206	-117
1666363989.622344	-119
1666363989.626412	-121
1666363989.630518	-123
1666363989.635053	-124
1666363989.639065	-126
1666363989.643193	-128
1666363989.647123	-129
1666363989.651429	-131
1666363989.655792	-133
1666363989.659958	-135
1666363989.664173	-137
1666363989.668257	-138
1666363989.672310	-140
1666363989.676739	-142
1666363989.680792	-144
1666363989.685025	-146
1666363989.689193	-147
1666363989.693196	-149
1666363989.697284	-151
1666363989.701737	-153
1666363989.705893	-155
1666363989.710038	-157
1666363989.714102	-158
1666363989.718215	-160
1666363989.722353	-162
1666363989.726729	-164
1666363989.730863	-166
1666363989.735014	-168
1666363989.739078	-170
1666363989.743167	-172
1666363989.747369	-173
1666363989.751751	-175
1666363989.755874	-177
1666363989.760011	-179
1666363989.763968	-181
1666363989.768332	-183
1666363989.772489	-185
1666363989.776512	-187
1666363989.780885	-189
1666363989.784955	-191
1666363989.788989	-193
1666363989.793431	-195
1666363989.797727	-197
1666363989.801768	-198
1666363989.805903	-200
1666363989.809924	-202
1666363989.814042	-204
1666363989.818447	-206
1666363989.822629	-208
1666363989.826746	-210
1666363989.830838	-212
1666363989.834923	-214
1666363989.839117	-216
1666363989.843537	-218
1666363989.847749	-220
1666363989.851803	-222
1666363989.855855	-224
1666363989.859999	-226
1666363989.864437	-228
1666363989.868615	-230
1666363989.872715	-232
1666363989.876725	-234
1666363989.880939	-236
1666363989.885338	-238
1666363989.889259	-240
1666363989.893514	-242
1666363989.897627	-244
1666363989.901838	-246
1666363989.906029	-248
1666363989.910202	-250
1666363989.914390	-252
1666363989.918384	-254
1666363989.922587	-256
1666363989.926928	-258
1666363989.931280	-260
1666363989.935353	-262
1666363989.939482	-264
1666363989.943554	-266
1666363989.947659	-268
1666363989.952066	-270
1666363989.956195	-272
1666363989.960367	-274
1666363989.964397	-276
1666363989.968789	-278
1666363989.973042	-280
1666363989.977185	-282
1666363989.981374	-283
1666363989.985396	-285
1666363989.989792	-287
1666363989.993915	-289
1666363989.998193	-291
1666363990.002317	-293
1666363990.006304	-295
1666363990.010498	-297
1666363990.014919	-299
1666363990.019100	-301
1666363990.023266	-303
1666363990.027306	-305
1666363990.031417	-307
1666363990.035813	-309
1666363990.040033	-311
1666363990.044159	-313
1666363990.048195	-315
1666363990.052304	-317
1666363990.056710	-319
1666363990.060927	-321
1666363990.065066	-323
1666363990.069137	-324
1666363990.073253	-326
1666363990.077712	-328
1666363990.081841	-330
1666363990.085975	-332
1666363990.090134	-334
1666363990.094133	-336
1666363990.098576	-338
1666363990.102667	-340
1666363990.106916	-341
1666363990.111095	-343
1666363990.115058	-345
1666363990.119240	-347
1666363990.123627	-349
1666363990.127811	-351
1666363990.132030	-353
1666363990.136021	-354
1666363990.140166	-356
1666363990.144485	-358
1666363990.148713	-360
1666363990.152918	-362
1666363990.156961	-363
1666363990.161252	-365
1666363990.165429	-367
1666363990.169723	-369
1666363990.173908	-371
1666363990.177918	-372
1666363990.182057	-374
1666363990.186584	-376
1666363990.190594	-377
1666363990.194805	-379
1666363990.198816	-381
1666363990.203129	-383
1666363990.207120	-384
1666363990.211531	-386
1666363990.215672	-388
1666363990.219734	-389
1666363990.223914	-391
1666363990.228051	-393
1666363990.232456	-394
1666363990.236662	-396
1666363990.240646	-398
1666363990.244848	-399
1666363990.249177	-401
1666363990.253546	-402
1666363990.257397	-404
1666363990.261566	-406
1666363990.265895	-407
1666363990.270051	-409
1666363990.274166	-410
1666363990.278436	-412
1666363990.282516	-413
1666363990.286842	-415
1666363990.291035	-416
1666363990.295152	-418
1666363990.299312	-419
1666363990.303424	-421
1666363990.307693	-422
1666363990.311907	-424
1666363990.316093	-425
1666363990.320267	-427
1666363990.324392	-428
1666363990.328707	-430
1666363990.332868	-431
1666363990.337060	-433
1666363990.341254	-434
1666363990.345346	-435
1666363990.349605	-437
1666363990.353830	-438
1666363990.357976	-440
1666363990.362150	-441
1666363990.366284	-442
1666363990.370458	-444
1666363990.374718	-445
1666363990.378870	-447
1666363990.383048	-448
1666363990.387213	-449
1666363990.391371	-451
1666363990.395607	-452
1666363990.399797	-453
1666363990.404013	-455
1666363990.408154	-456
1666363990.412269	-457
1666363990.416437	-459
1666363990.420759	-460
1666363990.424970	-461
1666363990.428959	-463
1666363990.433228	-464
1666363990.437459	-465
1666363990.441723	-467
1666363990.445955	-468
1666363990.450089	-469
1666363990.454164	-471
1666363990.458382	-472
1666363990.462649	-473
1666363990.466660	-474
1666363990.471064	-476
1666363990.475119	-477
1666363990.479320	-478
1666363990.483502	-480
1666363990.487758	-481
1666363990.491911	-482
1666363990.496045	-483
1666363990.500148	-485
1666363990.504444	-486
1666363990.508715	-487
1666363990.512890	-488
1666363990.516990	-490
1666363990.521192	-491
1666363990.525483	-492
1666363990.529732	-493
1666363990.533868	-495
1666363990.537940	-496
1666363990.541951	-497
1666363990.546133	-498
1666363990.550501	-500
1666363990.554773	-500
1666363990.556895	-500
1666363990.570631	-499
1666363990.574712	-498
1666363990.578780	-497
1666363990.582924	-496
1666363990.587050	-494
1666363990.591213	-493
1666363990.595596	-492
1666363990.599705	-491
1666363990.603768	-489
1666363990.608154	-488
1666363990.612326	-487
1666363990.616563	-486
1666363990.620699	-484
1666363990.624723	-483
1666363990.629144	-482
1666363990.633349	-481
1666363990.637324	-479
1666363990.641642	-478
1666363990.645736	-477
1666363990.649869	-475
1666363990.654308	-474
1666363990.658435	-473
1666363990.662440	-472
1666363990.666600	-470
1666363990.670807	-469
1666363990.675228	-468
1666363990.679236	-466
1666363990.683550	-465
1666363990.687634	-464
1666363990.691777	-462
1666363990.696158	-461
1666363990.700312	-460
1666363990.704462	-459
1666363990.708573	-457
1666363990.712993	-456
1666363990.717158	-455
1666363990.721323	-453
1666363990.725427	-452
1666363990.729606	-450
1666363990.733739	-449
1666363990.738077	-448
1666363990.742100	-446
1666363990.746421	-445
1666363990.750360	-444
1666363990.754584	-442
1666363990.758976	-441
1666363990.763180	-440
1666363990.767292	-438
1666363990.771336	-437
1666363990.775738	-435
1666363990.779938	-434
1666363990.784152	-432
1666363990.788266	-431
1666363990.792254	-430
1666363990.796525	-428
1666363990.801005	-427
1666363990.805068	-425
1666363990.809203	-424
1666363990.813201	-422
1666363990.817432	-421
1666363990.821836	-419
1666363990.826004	-418
1666363990.830167	-416
1666363990.834260	-415
1666363990.838618	-413
1666363990.842822	-412
1666363990.846976	-410
1666363990.851116	-409
1666363990.855117	-407
1666363990.859586	-406
1666363990.863799	-404
1666363990.867959	-402
1666363990.872030	-401
1666363990.876123	-399
1666363990.880302	-398
1666363990.884654	-396
1666363990.888992	-394
1666363990.893109	-393
1666363990.897165	-391
1666363990.901229	-389
1666363990.905477	-388
1666363990.909653	-386
1666363990.913832	-384
1666363990.918092	-383
1666363990.922173	-381
1666363990.926491	-379
1666363990.930667	-377
1666363990.934806	-376
1666363990.939031	-374
1666363990.943163	-372
1666363990.947377	-371
1666363990.951498	-369
1666363990.955736	-367
1666363990.959992	-365
1666363990.964112	-363
1666363990.968354	-362
1666363990.972563	-360
1666363990.976689	-358
1666363990.980932	-356
1666363990.985122	-354
1666363990.989271	-353
1666363990.993445	-351
1666363990.997592	-349
1666363991.001922	-347
1666363991.005967	-345
1666363991.010289	-343
1666363991.014434	-341
1666363991.018546	-340
1666363991.022848	-338
1666363991.026987	-336
1666363991.031214	-334
1666363991.035316	-332
1666363991.039471	-330
1666363991.043564	-328
1666363991.047899	-326
1666363991.051969	-324
1666363991.056397	-323
1666363991.060500	-321
1666363991.064533	-319
1666363991.068837	-317
1666363991.073002	-315
1666363991.077167	-313
1666363991.081304	-311
1666363991.085525	-309
1666363991.089649	-307
1666363991.093974	-305
1666363991.098209	-303
1666363991.102287	-301
1666363991.106506	-299
1666363991.110681	-297
1666363991.114883	-295
1666363991.119033	-293
1666363991.123236	-291
1666363991.127321	-289
1666363991.131576	-288
1666363991.135833	-286
1666363991.140036	-284
1666363991.144159	-282
1666363991.148424	-280
1666363991.152595	-278
1666363991.156791	-276
1666363991.160981	-274
1666363991.165064	-272
1666363991.169325	-270
1666363991.173555	-268
1666363991.177834	-266
1666363991.182015	-264
1666363991.186199	-262
1666363991.190194	-260
1666363991.194580	-258
1666363991.198766	-256
1666363991.202961	-254
1666363991.207100	-252
1666363991.211128	-250
1666363991.215353	-248
1666363991.219589	-246
1666363991.223754	-244
1666363991.227952	-242
1666363991.232009	-240
1666363991.236077	-238
1666363991.240201	-236
1666363991.244713	-234
1666363991.248747	-232
1666363991.252941	-230
1666363991.256946	-228
1666363991.261235	-226
1666363991.265330	-224
1666363991.269747	-222
1666363991.273827	-220
1666363991.277945	-218
1666363991.281966	-216
1666363991.286428	-214
1666363991.290364	-212
1666363991.294725	-210
1666363991.298860	-208
1666363991.302890	-206
1666363991.307153	-204
1666363991.311192	-202
1666363991.315348	-200
1666363991.319747	-199
1666363991.323807	-197
1666363991.327794	-195
1666363991.332010	-193
1666363991.336396	-191
1666363991.340585	-189
1666363991.344741	-187
1666363991.348770	-185
1666363991.352847	-183
1666363991.357025	-181
1666363991.361391	-179
1666363991.365599	-177
1666363991.369714	-175
1666363991.373739	-174
1666363991.378063	-172
1666363991.382118	-170
1666363991.386414	-168
1666363991.390609	-166
1666363991.394643	-164
1666363991.398648	-162
1666363991.402861	-160
1666363991.407153	-158
1666363991.411389	-157
1666363991.415554	-155
1666363991.419577	-153
1666363991.423623	-151
1666363991.428097	-149
1666363991.432229	-147
1666363991.436391	-146
1666363991.440502	-144
1666363991.444512	-142
1666363991.448675	-140
1666363991.452889	-138
1666363991.457256	-137
1666363991.461453	-135
1666363991.465466	-133
1666363991.469665	-131
1666363991.473796	-129
1666363991.478147	-128
1666363991.482308	-126
1666363991.486401	-124
1666363991.490403	-123
1666363991.494809	-121
1666363991.498990	-119
1666363991.503155	-117
1666363991.507345	-116
1666363991.511337	-114
1666363991.515461	-112
1666363991.519643	-111
1666363991.523969	-109
1666363991.527996	-107
1666363991.532267	-106
1666363991.536290	-104
1666363991.540518	-102
1666363991.544950	-101
1666363991.548773	-99
1666363991.553071	-98
1666363991.557169	-96
1666363991.561164	-95
1666363991.565681	-93
1666363991.569761	-91
1666363991.573804	-90
1666363991.577952	-88
1666363991.582124	-87
1666363991.586132	-85
1666363991.590125	-84
1666363991.594302	-82
1666363991.598671	-81
1666363991.602863	-79
1666363991.606946	-78
1666363991.611041	-76
1666363991.615053	-75
1666363991.619160	-74
1666363991.623419	-72
1666363991.627481	-71
1666363991.631746	-69
1666363991.635918	-68
1666363991.639963	-66
1666363991.643994	-65
1666363991.648192	-64
1666363991.652251	-62
1666363991.656569	-61
1666363991.660755	-59
1666363991.664878	-58
1666363991.668720	-57
1666363991.672903	-55
1666363991.676985	-54
1666363991.681211	-53
1666363991.685575	-51
1666363991.689556	-50
1666363991.693588	-49
1666363991.697698	-47
1666363991.701806	-46
1666363991.706057	-45
1666363991.710251	-43
1666363991.714388	-42
1666363991.718505	-41
1666363991.722529	-39
1666363991.726743	-38
1666363991.730856	-37
1666363991.734950	-35
1666363991.739209	-34
1666363991.743259	-33
1666363991.747415	-32
1666363991.751585	-30
1666363991.755769	-29
1666363991.759896	-28
1666363991.764060	-26
1666363991.768164	-25
1666363991.772300	-24
1666363991.776416	-23
1666363991.780419	-21
1666363991.784651	-20
1666363991.788781	-19
1666363991.792971	-18
1666363991.797084	-16
1666363991.801263	-15
1666363991.805260	-14
1666363991.809458	-13
1666363991.813580	-11
1666363991.817792	-10
1666363991.821930	-9
1666363991.825914	-8
1666363991.830069	-6
1666363991.834193	-5
1666363991.838251	-4
1666363991.842324	-3
1666363991.846388	-1
1666363991.850430	0
1666363991.854795	0
1666363991.856829	0
