## Values
## High Speed = 5000
## Low Speed = 300
## Acceleration = 100
## Deceleration = 300
## Position = 0
## Idle Time = 1
## Accel/Decel profile = Sinusoidal
## Dwell time = 0.0
## Length = 500
## Cycles = 3


1666288196.625545	0
1666288196.629671	0
1666288196.631629	0
1666288196.645649	0
1666288196.649531	-2
1666288196.653736	-3
1666288196.657688	-5
1666288196.662082	-7
1666288196.666009	-9
1666288196.670173	-13
1666288196.674318	-17
1666288196.678398	-22
1666288196.682579	-28
1666288196.686771	-35
1666288196.690935	-44
1666288196.695040	-54
1666288196.699121	-66
1666288196.703257	-79
1666288196.707364	-93
1666288196.711462	-109
1666288196.715697	-125
1666288196.719962	-143
1666288196.724142	-161
1666288196.728291	-180
1666288196.732337	-199
1666288196.736442	-219
1666288196.740752	-239
1666288196.745011	-258
1666288196.748968	-278
1666288196.753330	-298
1666288196.757292	-317
1666288196.761493	-336
1666288196.765985	-355
1666288196.770069	-372
1666288196.774174	-389
1666288196.778202	-405
1666288196.782604	-420
1666288196.786854	-433
1666288196.790972	-445
1666288196.795142	-456
1666288196.799202	-465
1666288196.803603	-472
1666288196.807530	-479
1666288196.811843	-484
1666288196.815895	-488
1666288196.820144	-491
1666288196.824622	-494
1666288196.828451	-496
1666288196.832864	-498
1666288196.837042	-499
1666288196.841107	-500
1666288196.845550	-500
1666288196.847373	-500
1666288196.861453	-499
1666288196.865503	-498
1666288196.869752	-497
1666288196.873900	-495
1666288196.878036	-493
1666288196.882282	-490
1666288196.886422	-487
1666288196.890634	-482
1666288196.894732	-477
1666288196.898954	-471
1666288196.903071	-463
1666288196.907252	-454
1666288196.911463	-443
1666288196.915656	-431
1666288196.919903	-417
1666288196.924019	-402
1666288196.928178	-386
1666288196.932348	-369
1666288196.936549	-351
1666288196.940766	-333
1666288196.944985	-314
1666288196.949165	-294
1666288196.953347	-274
1666288196.957473	-255
1666288196.961640	-235
1666288196.965933	-215
1666288196.970101	-196
1666288196.974241	-176
1666288196.978453	-158
1666288196.982659	-139
1666288196.986616	-122
1666288196.991075	-106
1666288196.994863	-90
1666288196.999221	-76
1666288197.003451	-63
1666288197.007417	-51
1666288197.011725	-42
1666288197.015704	-33
1666288197.019852	-26
1666288197.023919	-20
1666288197.028156	-15
1666288197.032223	-11
1666288197.036292	-8
1666288197.040449	-5
1666288197.044597	-4
1666288197.048695	-2
1666288197.052692	-1
1666288197.056935	0
1666288197.058996	0
1666288197.060962	0
1666288197.065122	0
1666288197.067112	0
1666288197.080903	-1
1666288197.085030	-2
1666288197.089129	-3
1666288197.093243	-5
1666288197.097357	-7
1666288197.101321	-10
1666288197.105434	-13
1666288197.109630	-17
1666288197.113718	-22
1666288197.118042	-28
1666288197.122004	-36
1666288197.126178	-45
1666288197.130204	-55
1666288197.134583	-67
1666288197.138574	-80
1666288197.142781	-95
1666288197.146859	-110
1666288197.151099	-127
1666288197.155182	-144
1666288197.159358	-163
1666288197.163635	-182
1666288197.167667	-201
1666288197.171834	-221
1666288197.176071	-240
1666288197.180207	-260
1666288197.184580	-280
1666288197.188614	-300
1666288197.192847	-319
1666288197.197020	-338
1666288197.201057	-356
1666288197.205262	-374
1666288197.209564	-391
1666288197.213643	-406
1666288197.217904	-421
1666288197.221981	-434
1666288197.226217	-446
1666288197.230437	-457
1666288197.234624	-466
1666288197.238716	-473
1666288197.242817	-479
1666288197.246997	-484
1666288197.251370	-488
1666288197.255457	-492
1666288197.259621	-494
1666288197.263885	-496
1666288197.267991	-498
1666288197.272203	-499
1666288197.276349	-500
1666288197.280804	-500
1666288197.282816	-500
1666288197.296900	-499
1666288197.300952	-498
1666288197.304955	-497
1666288197.309331	-495
1666288197.313438	-493
1666288197.317666	-490
1666288197.321770	-487
1666288197.326129	-482
1666288197.330190	-477
1666288197.334523	-471
1666288197.338519	-463
1666288197.342686	-454
1666288197.346910	-443
1666288197.351275	-431
1666288197.355263	-417
1666288197.359604	-402
1666288197.363651	-386
1666288197.367791	-369
1666288197.372120	-351
1666288197.376368	-333
1666288197.380497	-314
1666288197.384539	-294
1666288197.388969	-274
1666288197.392911	-255
1666288197.397069	-235
1666288197.401188	-215
1666288197.405504	-196
1666288197.409516	-176
1666288197.413939	-158
1666288197.417877	-140
1666288197.422210	-122
1666288197.426409	-106
1666288197.430491	-90
1666288197.434493	-76
1666288197.438579	-63
1666288197.442929	-52
1666288197.447009	-42
1666288197.450933	-33
1666288197.455014	-26
1666288197.459360	-20
1666288197.463392	-15
1666288197.467526	-11
1666288197.471576	-8
1666288197.475681	-6
1666288197.479835	-4
1666288197.483933	-2
1666288197.488006	-1
1666288197.492264	0
1666288197.494280	0
1666288197.496251	0
1666288197.500420	0
1666288197.502337	0
1666288197.516337	-1
1666288197.520327	-2
1666288197.524472	-3
1666288197.528582	-5
1666288197.532675	-7
1666288197.536855	-10
1666288197.541017	-13
1666288197.545053	-17
1666288197.549104	-22
1666288197.553234	-28
1666288197.557366	-36
1666288197.561712	-45
1666288197.565860	-55
1666288197.569990	-67
1666288197.574065	-80
1666288197.578072	-95
1666288197.582259	-110
1666288197.586611	-127
1666288197.590545	-144
1666288197.594855	-163
1666288197.598967	-182
1666288197.603024	-201
1666288197.607234	-220
1666288197.611577	-240
1666288197.615756	-260
1666288197.619867	-280
1666288197.623944	-299
1666288197.628118	-319
1666288197.632214	-338
1666288197.636399	-356
1666288197.640700	-374
1666288197.644849	-391
1666288197.648932	-406
1666288197.653362	-421
1666288197.657458	-434
1666288197.661628	-446
1666288197.665819	-457
1666288197.669848	-465
1666288197.674228	-473
1666288197.678186	-479
1666288197.682637	-484
1666288197.686776	-488
1666288197.690792	-492
1666288197.695276	-494
1666288197.699445	-496
1666288197.703581	-498
1666288197.707734	-499
1666288197.711766	-500
1666288197.716032	-500
1666288197.718316	-500
1666288197.732058	-499
1666288197.736442	-498
1666288197.740749	-497
1666288197.744550	-495
1666288197.748855	-493
1666288197.752999	-490
1666288197.757178	-487
1666288197.761553	-482
1666288197.765632	-477
1666288197.769765	-471
1666288197.774097	-463
1666288197.778092	-454
1666288197.782480	-443
1666288197.786552	-431
1666288197.790675	-417
1666288197.795013	-402
1666288197.799067	-386
1666288197.803304	-369
1666288197.807435	-351
1666288197.811554	-333
1666288197.815898	-314
1666288197.820123	-294
1666288197.824233	-275
1666288197.828369	-255
1666288197.832401	-235
1666288197.836524	-215
1666288197.840852	-196
1666288197.845090	-177
1666288197.849169	-158
1666288197.853362	-140
1666288197.857359	-122
1666288197.861816	-106
1666288197.865809	-90
1666288197.869947	-76
1666288197.874084	-63
1666288197.878175	-52
1666288197.882229	-42
1666288197.886350	-33
1666288197.890590	-26
1666288197.894712	-20
1666288197.898865	-15
1666288197.902812	-11
1666288197.907031	-8
1666288197.911125	-6
1666288197.915323	-4
1666288197.919380	-2
1666288197.923499	-1
1666288197.927728	0
1666288197.929525	0
