## Values
## High Speed = 500
## Low Speed = 300
## Acceleration = 700
## Deceleration = 300
## Position = 0
## Idle Time = 1
## Accel/Decel profile = Sinusoidal
## Dwell time = 0.0
## Length = 500
## Cycles = 3


1666287698.742888	0
1666287698.746936	0
1666287698.749069	0
1666287698.762925	0
1666287698.766776	-2
1666287698.770777	-3
1666287698.775064	-4
1666287698.778974	-5
1666287698.783106	-7
1666287698.787177	-8
1666287698.791278	-9
1666287698.795532	-10
1666287698.799658	-12
1666287698.803711	-13
1666287698.807976	-14
1666287698.811977	-15
1666287698.816217	-17
1666287698.820315	-18
1666287698.824539	-19
1666287698.828661	-20
1666287698.832774	-22
1666287698.836894	-23
1666287698.840978	-24
1666287698.845101	-25
1666287698.849347	-27
1666287698.853439	-28
1666287698.857615	-29
1666287698.861791	-30
1666287698.865804	-32
1666287698.869961	-33
1666287698.874193	-34
1666287698.878440	-36
1666287698.882579	-37
1666287698.886616	-38
1666287698.890781	-39
1666287698.894899	-41
1666287698.899147	-42
1666287698.903162	-43
1666287698.907419	-45
1666287698.911554	-46
1666287698.915693	-47
1666287698.919846	-49
1666287698.924009	-50
1666287698.928228	-51
1666287698.932309	-53
1666287698.936380	-54
1666287698.940626	-55
1666287698.944650	-57
1666287698.948804	-58
1666287698.952888	-59
1666287698.957121	-61
1666287698.961286	-62
1666287698.965254	-64
1666287698.969567	-65
1666287698.973595	-66
1666287698.977690	-68
1666287698.981847	-69
1666287698.985970	-70
1666287698.990281	-72
1666287698.994364	-73
1666287698.998472	-75
1666287699.002499	-76
1666287699.006730	-78
1666287699.010825	-79
1666287699.014888	-81
1666287699.019149	-82
1666287699.023288	-83
1666287699.027568	-85
1666287699.031514	-86
1666287699.035697	-88
1666287699.039910	-89
1666287699.044039	-91
1666287699.048163	-92
1666287699.052207	-94
1666287699.056461	-95
1666287699.060533	-97
1666287699.064754	-99
1666287699.068894	-100
1666287699.073161	-102
1666287699.077292	-103
1666287699.081379	-105
1666287699.085552	-106
1666287699.089873	-108
1666287699.094017	-110
1666287699.098194	-111
1666287699.102262	-113
1666287699.106441	-115
1666287699.110745	-116
1666287699.114994	-118
1666287699.118990	-120
1666287699.123089	-121
1666287699.127296	-123
1666287699.131436	-125
1666287699.135678	-126
1666287699.139820	-128
1666287699.144063	-130
1666287699.148212	-131
1666287699.152518	-133
1666287699.156510	-135
1666287699.160765	-137
1666287699.164887	-138
1666287699.169215	-140
1666287699.173255	-142
1666287699.177431	-144
1666287699.181565	-146
1666287699.185891	-147
1666287699.189948	-149
1666287699.194156	-151
1666287699.198475	-153
1666287699.202467	-155
1666287699.206728	-156
1666287699.210912	-158
1666287699.215085	-160
1666287699.219138	-162
1666287699.223421	-164
1666287699.227563	-165
1666287699.231775	-167
1666287699.235904	-169
1666287699.239978	-171
1666287699.244118	-173
1666287699.248299	-175
1666287699.252583	-177
1666287699.256644	-178
1666287699.260820	-180
1666287699.264951	-182
1666287699.269166	-184
1666287699.273362	-186
1666287699.277515	-188
1666287699.281662	-190
1666287699.285889	-192
1666287699.290029	-194
1666287699.294183	-195
1666287699.298348	-197
1666287699.302645	-199
1666287699.306762	-201
1666287699.310862	-203
1666287699.314996	-205
1666287699.319275	-207
1666287699.323459	-209
1666287699.327550	-211
1666287699.331726	-213
1666287699.336022	-215
1666287699.340113	-216
1666287699.344240	-218
1666287699.348471	-220
1666287699.352633	-222
1666287699.356756	-224
1666287699.360972	-226
1666287699.365126	-228
1666287699.369433	-230
1666287699.373494	-232
1666287699.377599	-234
1666287699.381773	-236
1666287699.386074	-238
1666287699.390069	-240
1666287699.394246	-242
1666287699.398495	-244
1666287699.402545	-245
1666287699.406811	-247
1666287699.410879	-249
1666287699.415181	-251
1666287699.419157	-253
1666287699.423383	-255
1666287699.427517	-257
1666287699.431753	-259
1666287699.435929	-261
1666287699.440112	-263
1666287699.444224	-265
1666287699.448461	-267
1666287699.452680	-269
1666287699.456801	-271
1666287699.461140	-273
1666287699.465181	-275
1666287699.469440	-276
1666287699.473625	-278
1666287699.478002	-280
1666287699.482020	-282
1666287699.486194	-284
1666287699.490308	-286
1666287699.494487	-288
1666287699.498638	-290
1666287699.502845	-292
1666287699.506996	-294
1666287699.511186	-296
1666287699.515472	-298
1666287699.519686	-300
1666287699.523808	-302
1666287699.527897	-303
1666287699.532091	-305
1666287699.536335	-307
1666287699.540459	-309
1666287699.544644	-311
1666287699.549063	-313
1666287699.553076	-315
1666287699.557200	-317
1666287699.561302	-319
1666287699.565713	-321
1666287699.569826	-322
1666287699.573938	-324
1666287699.578056	-326
1666287699.582267	-328
1666287699.586556	-330
1666287699.590711	-332
1666287699.594832	-334
1666287699.599091	-335
1666287699.603330	-337
1666287699.607367	-339
1666287699.611665	-341
1666287699.615752	-343
1666287699.620027	-345
1666287699.624093	-346
1666287699.628383	-348
1666287699.632590	-350
1666287699.636753	-352
1666287699.640831	-354
1666287699.645041	-355
1666287699.649371	-357
1666287699.653593	-359
1666287699.657737	-361
1666287699.661734	-363
1666287699.665951	-364
1666287699.670279	-366
1666287699.674294	-368
1666287699.678484	-369
1666287699.682656	-371
1666287699.686956	-373
1666287699.691117	-375
1666287699.695327	-376
1666287699.699567	-378
1666287699.703736	-380
1666287699.708006	-381
1666287699.712171	-383
1666287699.716306	-385
1666287699.720515	-386
1666287699.724599	-388
1666287699.728888	-390
1666287699.733086	-391
1666287699.737153	-393
1666287699.741461	-395
1666287699.745500	-396
1666287699.749818	-398
1666287699.754002	-399
1666287699.758044	-401
1666287699.762326	-403
1666287699.766438	-404
1666287699.770697	-406
1666287699.774990	-407
1666287699.778978	-409
1666287699.783344	-410
1666287699.787498	-412
1666287699.791561	-413
1666287699.795892	-415
1666287699.800057	-416
1666287699.804186	-418
1666287699.808337	-419
1666287699.812507	-421
1666287699.816824	-422
1666287699.820912	-424
1666287699.825008	-425
1666287699.829250	-427
1666287699.833414	-428
1666287699.837686	-430
1666287699.841769	-431
1666287699.846065	-432
1666287699.850168	-434
1666287699.854470	-435
1666287699.858624	-437
1666287699.862754	-438
1666287699.867029	-439
1666287699.871092	-441
1666287699.875390	-442
1666287699.879579	-444
1666287699.883749	-445
1666287699.887859	-446
1666287699.892047	-448
1666287699.896274	-449
1666287699.900513	-450
1666287699.904636	-452
1666287699.908870	-453
1666287699.912977	-454
1666287699.917118	-456
1666287699.921363	-457
1666287699.925632	-458
1666287699.929815	-460
1666287699.933962	-461
1666287699.938133	-462
1666287699.942319	-464
1666287699.946535	-465
1666287699.950763	-466
1666287699.954842	-467
1666287699.959143	-469
1666287699.963198	-470
1666287699.967556	-471
1666287699.971721	-473
1666287699.975884	-474
1666287699.979963	-475
1666287699.984093	-477
1666287699.988445	-478
1666287699.992651	-479
1666287699.996744	-480
1666287700.000795	-482
1666287700.004968	-483
1666287700.009382	-484
1666287700.013592	-485
1666287700.017579	-487
1666287700.021773	-488
1666287700.025973	-489
1666287700.030325	-490
1666287700.034425	-492
1666287700.038651	-493
1666287700.042686	-494
1666287700.047128	-496
1666287700.050959	-497
1666287700.055236	-498
1666287700.059582	-499
1666287700.063627	-500
1666287700.067981	-500
1666287700.070163	-500
1666287700.083812	-499
1666287700.088273	-498
1666287700.092285	-497
1666287700.096477	-496
1666287700.100533	-494
1666287700.104681	-493
1666287700.109042	-492
1666287700.113245	-491
1666287700.117393	-489
1666287700.121525	-488
1666287700.125582	-487
1666287700.129950	-486
1666287700.134183	-484
1666287700.138201	-483
1666287700.142467	-482
1666287700.146549	-481
1666287700.150885	-479
1666287700.155006	-478
1666287700.159208	-477
1666287700.163385	-475
1666287700.167529	-474
1666287700.171656	-473
1666287700.175965	-472
1666287700.180062	-470
1666287700.184282	-469
1666287700.188409	-468
1666287700.192741	-466
1666287700.196928	-465
1666287700.201017	-464
1666287700.205242	-463
1666287700.209416	-461
1666287700.213706	-460
1666287700.217800	-459
1666287700.222220	-457
1666287700.226263	-456
1666287700.230498	-455
1666287700.234820	-453
1666287700.238944	-452
1666287700.242887	-451
1666287700.247161	-449
1666287700.251278	-448
1666287700.255662	-447
1666287700.259849	-445
1666287700.264020	-444
1666287700.268091	-442
1666287700.272346	-441
1666287700.276622	-440
1666287700.280794	-438
1666287700.284974	-437
1666287700.289049	-436
1666287700.293199	-434
1666287700.297605	-433
1666287700.301755	-431
1666287700.305768	-430
1666287700.310013	-428
1666287700.314086	-427
1666287700.318492	-426
1666287700.322681	-424
1666287700.326885	-423
1666287700.331007	-421
1666287700.335005	-420
1666287700.339265	-418
1666287700.343573	-417
1666287700.347724	-415
1666287700.351708	-414
1666287700.356024	-412
1666287700.360365	-411
1666287700.364608	-409
1666287700.368614	-408
1666287700.372701	-406
1666287700.376918	-405
1666287700.381143	-403
1666287700.385353	-402
1666287700.389590	-400
1666287700.393738	-398
1666287700.397891	-397
1666287700.402064	-395
1666287700.406389	-394
1666287700.410588	-392
1666287700.414711	-390
1666287700.418869	-389
1666287700.423179	-387
1666287700.427211	-385
1666287700.431403	-384
1666287700.435529	-382
1666287700.439774	-380
1666287700.444189	-379
1666287700.448320	-377
1666287700.452456	-375
1666287700.456596	-374
1666287700.460848	-372
1666287700.464871	-370
1666287700.469310	-368
1666287700.473352	-367
1666287700.477571	-365
1666287700.481712	-363
1666287700.486045	-361
1666287700.490286	-360
1666287700.494478	-358
1666287700.498513	-356
1666287700.502638	-354
1666287700.506779	-353
1666287700.511050	-351
1666287700.515384	-349
1666287700.519413	-347
1666287700.523585	-345
1666287700.527748	-344
1666287700.532150	-342
1666287700.536295	-340
1666287700.540373	-338
1666287700.544509	-336
1666287700.548664	-334
1666287700.553092	-332
1666287700.557055	-331
1666287700.561316	-329
1666287700.565442	-327
1666287700.569813	-325
1666287700.573972	-323
1666287700.578215	-321
1666287700.582305	-319
1666287700.586380	-318
1666287700.590728	-316
1666287700.594694	-314
1666287700.599052	-312
1666287700.603076	-310
1666287700.607265	-308
1666287700.611541	-306
1666287700.615754	-304
1666287700.619983	-302
1666287700.624171	-300
1666287700.628211	-299
1666287700.632532	-297
1666287700.636719	-295
1666287700.640912	-293
1666287700.644980	-291
1666287700.649141	-289
1666287700.653293	-287
1666287700.657535	-285
1666287700.661834	-283
1666287700.666025	-281
1666287700.670108	-279
1666287700.674265	-277
1666287700.678610	-275
1666287700.682819	-273
1666287700.686966	-271
1666287700.691060	-270
1666287700.695335	-268
1666287700.699553	-266
1666287700.703712	-264
1666287700.707906	-262
1666287700.711945	-260
1666287700.716279	-258
1666287700.720242	-256
1666287700.724562	-254
1666287700.728601	-252
1666287700.732863	-250
1666287700.736924	-248
1666287700.741127	-246
1666287700.745312	-244
1666287700.749533	-242
1666287700.753649	-240
1666287700.757729	-239
1666287700.761878	-237
1666287700.766124	-235
1666287700.770297	-233
1666287700.774468	-231
1666287700.778675	-229
1666287700.782742	-227
1666287700.787154	-225
1666287700.791231	-223
1666287700.795370	-221
1666287700.799581	-219
1666287700.803669	-217
1666287700.807715	-215
1666287700.811889	-213
1666287700.816227	-212
1666287700.820348	-210
1666287700.824574	-208
1666287700.828575	-206
1666287700.832739	-204
1666287700.837025	-202
1666287700.841214	-200
1666287700.845237	-198
1666287700.849534	-196
1666287700.853569	-194
1666287700.857901	-192
1666287700.862049	-190
1666287700.866308	-189
1666287700.870379	-187
1666287700.874463	-185
1666287700.878617	-183
1666287700.882808	-181
1666287700.886891	-179
1666287700.891238	-177
1666287700.895381	-175
1666287700.899435	-174
1666287700.903590	-172
1666287700.907834	-170
1666287700.912033	-168
1666287700.916178	-166
1666287700.920313	-164
1666287700.924500	-163
1666287700.928605	-161
1666287700.932775	-159
1666287700.936939	-157
1666287700.941199	-155
1666287700.945258	-153
1666287700.949462	-152
1666287700.953581	-150
1666287700.957868	-148
1666287700.962043	-146
1666287700.966184	-144
1666287700.970287	-143
1666287700.974521	-141
1666287700.978778	-139
1666287700.983004	-137
1666287700.986990	-136
1666287700.991152	-134
1666287700.995269	-132
1666287700.999542	-130
1666287701.003666	-129
1666287701.007957	-127
1666287701.012073	-125
1666287701.016154	-124
1666287701.020323	-122
1666287701.024647	-120
1666287701.028779	-119
1666287701.032890	-117
1666287701.037049	-115
1666287701.041215	-114
1666287701.045522	-112
1666287701.049678	-110
1666287701.053754	-109
1666287701.057967	-107
1666287701.061993	-105
1666287701.066339	-104
1666287701.070466	-102
1666287701.074629	-101
1666287701.078800	-99
1666287701.082885	-97
1666287701.086957	-96
1666287701.091067	-94
1666287701.095314	-93
1666287701.099488	-91
1666287701.103542	-90
1666287701.107819	-88
1666287701.111828	-87
1666287701.115977	-85
1666287701.120058	-84
1666287701.124316	-82
1666287701.128508	-81
1666287701.132620	-79
1666287701.136711	-78
1666287701.140794	-77
1666287701.145083	-75
1666287701.149193	-74
1666287701.153263	-72
1666287701.157326	-71
1666287701.161606	-69
1666287701.165638	-68
1666287701.169756	-67
1666287701.173888	-65
1666287701.178103	-64
1666287701.182155	-62
1666287701.186260	-61
1666287701.190387	-60
1666287701.194567	-58
1666287701.198696	-57
1666287701.202821	-56
1666287701.207072	-54
1666287701.211198	-53
1666287701.215324	-52
1666287701.219340	-50
1666287701.223522	-49
1666287701.227583	-48
1666287701.231744	-46
1666287701.235831	-45
1666287701.240168	-44
1666287701.244079	-42
1666287701.248381	-41
1666287701.252447	-40
1666287701.256561	-38
1666287701.260814	-37
1666287701.264964	-36
1666287701.269022	-35
1666287701.273265	-33
1666287701.277271	-32
1666287701.281411	-31
1666287701.285506	-29
1666287701.289732	-28
1666287701.293902	-27
1666287701.298021	-26
1666287701.302168	-24
1666287701.306259	-23
1666287701.310382	-22
1666287701.314483	-21
1666287701.318609	-19
1666287701.322842	-18
1666287701.386183	0
1666287701.390421	0
1666287701.392415	0
1666287701.394296	0
1666287701.398545	0
1666287701.400459	0
1666287701.414275	-1
1666287701.418352	-2
1666287701.422457	-3
1666287701.426442	-4
1666287701.430587	-5
1666287701.434707	-7
1666287701.438971	-8
1666287701.442852	-9
1666287701.447028	-10
1666287701.451194	-12
1666287701.455270	-13
1666287701.459433	-14
1666287701.463572	-15
1666287701.467798	-17
1666287701.471914	-18
1666287701.476033	-19
1666287701.480164	-20
1666287701.484284	-22
1666287701.488559	-23
1666287701.492562	-24
1666287701.496680	-25
1666287701.500853	-27
1666287701.505056	-28
1666287701.509169	-29
1666287701.513318	-31
1666287701.517519	-32
1666287701.521769	-33
1666287701.525774	-34
1666287701.529856	-36
1666287701.534024	-37
1666287701.538335	-38
1666287701.542446	-40
1666287701.546408	-41
1666287701.550694	-42
1666287701.554935	-43
1666287701.558996	-45
1666287701.562989	-46
1666287701.567214	-47
1666287701.571473	-49
1666287701.575615	-50
1666287701.579574	-51
1666287701.583858	-53
1666287701.587898	-54
1666287701.592075	-55
1666287701.596054	-57
1666287701.600204	-58
1666287701.604491	-59
1666287701.608843	-61
1666287701.612629	-62
1666287701.617011	-64
1666287701.621073	-65
1666287701.625228	-66
1666287701.629337	-68
1666287701.633353	-69
1666287701.637620	-71
1666287701.641616	-72
1666287701.645981	-73
1666287701.650046	-75
1666287701.654120	-76
1666287701.658219	-78
1666287701.662340	-79
1666287701.666411	-81
1666287701.670592	-82
1666287701.674756	-84
1666287701.678966	-85
1666287701.683024	-86
1666287701.687209	-88
1666287701.691317	-89
1666287701.695571	-91
1666287701.699594	-92
1666287701.703733	-94
1666287701.708011	-96
1666287701.712141	-97
1666287701.716187	-99
1666287701.720427	-100
1666287701.724566	-102
1666287701.728640	-103
1666287701.732969	-105
1666287701.737036	-107
1666287701.741155	-108
1666287701.745384	-110
1666287701.749623	-111
1666287701.753690	-113
1666287701.758020	-115
1666287701.762039	-116
1666287701.766444	-118
1666287701.770422	-120
1666287701.774667	-121
1666287701.778934	-123
1666287701.782995	-125
1666287701.787152	-126
1666287701.791335	-128
1666287701.795650	-130
1666287701.799784	-132
1666287701.803783	-133
1666287701.807973	-135
1666287701.812309	-137
1666287701.816561	-139
1666287701.820455	-140
1666287701.824678	-142
1666287701.828880	-144
1666287701.833010	-146
1666287701.837257	-147
1666287701.841500	-149
1666287701.845660	-151
1666287701.849816	-153
1666287701.853910	-155
1666287701.858073	-156
1666287701.862281	-158
1666287701.866522	-160
1666287701.870608	-162
1666287701.874773	-164
1666287701.879035	-166
1666287701.883136	-167
1666287701.887249	-169
1666287701.891497	-171
1666287701.895670	-173
1666287701.899752	-175
1666287701.903914	-177
1666287701.908224	-179
1666287701.912405	-180
1666287701.916365	-182
1666287701.920635	-184
1666287701.924701	-186
1666287701.928823	-188
1666287701.933408	-190
1666287701.937315	-192
1666287701.941450	-194
1666287701.945730	-195
1666287701.949801	-197
1666287701.954041	-199
1666287701.958372	-201
1666287701.962418	-203
1666287701.966519	-205
1666287701.970747	-207
1666287701.974868	-209
1666287701.979151	-211
1666287701.983160	-213
1666287701.987439	-215
1666287701.991670	-217
1666287701.995811	-219
1666287701.999957	-220
1666287702.004211	-222
1666287702.008258	-224
1666287702.012414	-226
1666287702.016520	-228
1666287702.020786	-230
1666287702.025041	-232
1666287702.029408	-234
1666287702.033337	-236
1666287702.037516	-238
1666287702.041692	-240
1666287702.045817	-242
1666287702.049860	-244
1666287702.054016	-246
1666287702.058276	-248
1666287702.062365	-249
1666287702.066592	-251
1666287702.070654	-253
1666287702.074953	-255
1666287702.079094	-257
1666287702.083214	-259
1666287702.087422	-261
1666287702.091645	-263
1666287702.095826	-265
1666287702.099986	-267
1666287702.104059	-269
1666287702.108193	-271
1666287702.112523	-273
1666287702.116681	-275
1666287702.120801	-277
1666287702.125059	-279
1666287702.129123	-280
1666287702.133311	-282
1666287702.137559	-284
1666287702.141819	-286
1666287702.145966	-288
1666287702.150023	-290
1666287702.154275	-292
1666287702.158532	-294
1666287702.162789	-296
1666287702.166964	-298
1666287702.171053	-300
1666287702.175200	-302
1666287702.179529	-304
1666287702.183660	-305
1666287702.187711	-307
1666287702.191921	-309
1666287702.196231	-311
1666287702.200242	-313
1666287702.204448	-315
1666287702.208756	-317
1666287702.212853	-319
1666287702.217104	-321
1666287702.221148	-322
1666287702.225630	-324
1666287702.229625	-326
1666287702.233816	-328
1666287702.237881	-330
1666287702.242199	-332
1666287702.246316	-334
1666287702.250490	-336
1666287702.254688	-337
1666287702.258783	-339
1666287702.263041	-341
1666287702.267331	-343
1666287702.271317	-345
1666287702.275673	-346
1666287702.279691	-348
1666287702.283912	-350
1666287702.288075	-352
1666287702.292396	-354
1666287702.296577	-355
1666287702.300668	-357
1666287702.304846	-359
1666287702.309004	-361
1666287702.313330	-363
1666287702.317505	-364
1666287702.321558	-366
1666287702.325815	-368
1666287702.330069	-370
1666287702.334274	-371
1666287702.338392	-373
1666287702.342534	-375
1666287702.346731	-376
1666287702.351051	-378
1666287702.355093	-380
1666287702.359651	-382
1666287702.363392	-383
1666287702.367648	-385
1666287702.371835	-387
1666287702.376152	-388
1666287702.380279	-390
1666287702.384412	-391
1666287702.388536	-393
1666287702.392846	-395
1666287702.397095	-396
1666287702.401103	-398
1666287702.405341	-399
1666287702.409509	-401
1666287702.413628	-403
1666287702.417872	-404
1666287702.422132	-406
1666287702.426297	-407
1666287702.430476	-409
1666287702.434751	-410
1666287702.438930	-412
1666287702.443307	-413
1666287702.447267	-415
1666287702.451391	-416
1666287702.455598	-418
1666287702.460062	-419
1666287702.464111	-421
1666287702.468153	-422
1666287702.472389	-424
1666287702.476567	-425
1666287702.480816	-427
1666287702.484858	-428
1666287702.489192	-430
1666287702.493225	-431
1666287702.497446	-432
1666287702.501718	-434
1666287702.505761	-435
1666287702.510006	-437
1666287702.514156	-438
1666287702.518492	-439
1666287702.522518	-441
1666287702.526681	-442
1666287702.530884	-444
1666287702.535223	-445
1666287702.539241	-446
1666287702.543429	-448
1666287702.547625	-449
1666287702.551936	-450
1666287702.556143	-452
1666287702.560165	-453
1666287702.564411	-454
1666287702.568571	-456
1666287702.572820	-457
1666287702.576905	-458
1666287702.581095	-460
1666287702.585410	-461
1666287702.589596	-462
1666287702.593674	-464
1666287702.597850	-465
1666287702.602147	-466
1666287702.606281	-468
1666287702.610439	-469
1666287702.614611	-470
1666287702.618828	-471
1666287702.623101	-473
1666287702.627209	-474
1666287702.631434	-475
1666287702.635480	-477
1666287702.639801	-478
1666287702.643942	-479
1666287702.648049	-480
1666287702.652377	-482
1666287702.656575	-483
1666287702.660686	-484
1666287702.664796	-485
1666287702.669169	-487
1666287702.673327	-488
1666287702.677425	-489
1666287702.681526	-491
1666287702.686010	-492
1666287702.690083	-493
1666287702.694149	-494
1666287702.698277	-496
1666287702.702574	-497
1666287702.706748	-498
1666287702.710818	-499
1666287702.715040	-500
1666287702.719559	-500
1666287702.721600	-500
1666287702.735571	-499
1666287702.739471	-498
1666287702.743694	-497
1666287702.747802	-496
1666287702.752122	-494
1666287702.756119	-493
1666287702.760227	-492
1666287702.764500	-491
1666287702.768722	-489
1666287702.772853	-488
1666287702.777012	-487
1666287702.781370	-486
1666287702.785609	-484
1666287702.789627	-483
1666287702.793780	-482
1666287702.798099	-481
1666287702.802269	-479
1666287702.806519	-478
1666287702.810724	-477
1666287702.814909	-475
1666287702.819109	-474
1666287702.823049	-473
1666287702.827290	-472
1666287702.831526	-470
1666287702.835810	-469
1666287702.839876	-468
1666287702.844087	-466
1666287702.848352	-465
1666287702.852546	-464
1666287702.856826	-463
1666287702.860920	-461
1666287702.865044	-460
1666287702.869306	-459
1666287702.873478	-457
1666287702.877722	-456
1666287702.881899	-455
1666287702.886039	-453
1666287702.890194	-452
1666287702.894422	-451
1666287702.898541	-449
1666287702.902805	-448
1666287702.906967	-447
1666287702.911191	-445
1666287702.915362	-444
1666287702.919537	-442
1666287702.923642	-441
1666287702.927847	-440
1666287702.932081	-438
1666287702.936190	-437
1666287702.940458	-436
1666287702.944689	-434
1666287702.948798	-433
1666287702.952890	-431
1666287702.957229	-430
1666287702.961475	-428
1666287702.965615	-427
1666287702.969700	-426
1666287702.973898	-424
1666287702.978229	-423
1666287702.982489	-421
1666287702.986443	-420
1666287702.990787	-418
1666287702.994787	-417
1666287702.999023	-415
1666287703.003235	-414
1666287703.007378	-412
1666287703.011567	-411
1666287703.015958	-409
1666287703.019917	-408
1666287703.024239	-406
1666287703.028515	-405
1666287703.032660	-403
1666287703.036747	-402
1666287703.040948	-400
1666287703.045305	-398
1666287703.049488	-397
1666287703.053447	-395
1666287703.057710	-394
1666287703.061888	-392
1666287703.066217	-390
1666287703.070259	-389
1666287703.074578	-387
1666287703.078672	-385
1666287703.083016	-384
1666287703.087020	-382
1666287703.091371	-380
1666287703.095514	-379
1666287703.099749	-377
1666287703.103771	-375
1666287703.107956	-374
1666287703.112278	-372
1666287703.116401	-370
1666287703.120608	-368
1666287703.124947	-367
1666287703.129062	-365
1666287703.133291	-363
1666287703.137365	-361
1666287703.141630	-360
1666287703.145858	-358
1666287703.150043	-356
1666287703.154203	-354
1666287703.158330	-353
1666287703.162565	-351
1666287703.166795	-349
1666287703.171036	-347
1666287703.175200	-345
1666287703.179314	-344
1666287703.183385	-342
1666287703.187782	-340
1666287703.191931	-338
1666287703.196153	-336
1666287703.200321	-334
1666287703.204323	-332
1666287703.208760	-331
1666287703.212967	-329
1666287703.217098	-327
1666287703.221278	-325
1666287703.225275	-323
1666287703.229765	-321
1666287703.233640	-319
1666287703.237800	-318
1666287703.242109	-316
1666287703.246140	-314
1666287703.250393	-312
1666287703.254686	-310
1666287703.258889	-308
1666287703.263050	-306
1666287703.267099	-304
1666287703.271256	-302
1666287703.275702	-300
1666287703.280050	-299
1666287703.284062	-297
1666287703.288073	-295
1666287703.292314	-293
1666287703.296508	-291
1666287703.300783	-289
1666287703.304959	-287
1666287703.308996	-285
1666287703.313168	-283
1666287703.317417	-281
1666287703.321477	-279
1666287703.325653	-277
1666287703.329877	-275
1666287703.334109	-273
1666287703.338284	-271
1666287703.342494	-270
1666287703.346640	-268
1666287703.350895	-266
1666287703.355032	-264
1666287703.359147	-262
1666287703.363379	-260
1666287703.367515	-258
1666287703.371726	-256
1666287703.375827	-254
1666287703.380042	-252
1666287703.384232	-250
1666287703.388387	-248
1666287703.392482	-246
1666287703.396641	-244
1666287703.400819	-242
1666287703.404935	-240
1666287703.409137	-239
1666287703.413298	-237
1666287703.417456	-235
1666287703.421615	-233
1666287703.425753	-231
1666287703.429995	-229
1666287703.434145	-227
1666287703.438412	-225
1666287703.442526	-223
1666287703.446693	-221
1666287703.450802	-219
1666287703.454935	-217
1666287703.459129	-215
1666287703.463300	-213
1666287703.467442	-211
1666287703.471649	-210
1666287703.475842	-208
1666287703.479995	-206
1666287703.484166	-204
1666287703.488473	-202
1666287703.492508	-200
1666287703.496688	-198
1666287703.500849	-196
1666287703.504981	-194
1666287703.509162	-192
1666287703.513370	-190
1666287703.517553	-189
1666287703.521667	-187
1666287703.525837	-185
1666287703.530073	-183
1666287703.534133	-181
1666287703.538391	-179
1666287703.542496	-177
1666287703.546636	-175
1666287703.550826	-174
1666287703.555008	-172
1666287703.559152	-170
1666287703.563362	-168
1666287703.567567	-166
1666287703.571773	-164
1666287703.575952	-163
1666287703.580037	-161
1666287703.584180	-159
1666287703.588381	-157
1666287703.592556	-155
1666287703.596734	-153
1666287703.600939	-152
1666287703.605075	-150
1666287703.609342	-148
1666287703.613558	-146
1666287703.617710	-144
1666287703.621692	-143
1666287703.625922	-141
1666287703.630085	-139
1666287703.634249	-137
1666287703.638505	-136
1666287703.642686	-134
1666287703.646764	-132
1666287703.650941	-130
1666287703.655195	-129
1666287703.659286	-127
1666287703.663451	-125
1666287703.667742	-124
1666287703.671804	-122
1666287703.675958	-120
1666287703.680180	-119
1666287703.684294	-117
1666287703.688514	-115
1666287703.692677	-114
1666287703.696844	-112
1666287703.701076	-110
1666287703.705271	-109
1666287703.709397	-107
1666287703.713560	-105
1666287703.717706	-104
1666287703.721941	-102
1666287703.726089	-101
1666287703.730216	-99
1666287703.734400	-97
1666287703.738488	-96
1666287703.742642	-94
1666287703.746688	-93
1666287703.750868	-91
1666287703.755064	-90
1666287703.759248	-88
1666287703.763209	-87
1666287703.767452	-85
1666287703.771590	-84
1666287703.775666	-82
1666287703.779806	-81
1666287703.783966	-79
1666287703.788176	-78
1666287703.792351	-77
1666287703.796513	-75
1666287703.800596	-74
1666287703.804616	-72
1666287703.808911	-71
1666287703.813041	-69
1666287703.817275	-68
1666287703.821536	-67
1666287703.825471	-65
1666287703.829422	-64
1666287703.833740	-62
1666287703.837833	-61
1666287703.841970	-60
1666287703.846110	-58
1666287703.850206	-57
1666287703.854285	-56
1666287703.858470	-54
1666287703.862501	-53
1666287703.866929	-52
1666287703.870718	-50
1666287703.875109	-49
1666287703.879015	-48
1666287703.883155	-46
1666287703.887270	-45
1666287703.891493	-44
1666287703.895758	-42
1666287703.899902	-41
1666287703.903866	-40
1666287703.908238	-38
1666287703.912302	-37
1666287703.916319	-36
1666287703.920416	-35
1666287703.924578	-33
1666287703.928682	-32
1666287703.932808	-31
1666287703.936977	-29
1666287703.941153	-28
1666287703.945279	-27
1666287703.949397	-26
1666287703.953512	-24
1666287703.957592	-23
1666287703.961820	-22
1666287703.966270	-21
1666287703.970150	-19
1666287703.974265	-18
1666287703.978403	-17
1666287703.982650	-15
1666287703.986749	-14
1666287703.990912	-13
1666287703.995085	-12
1666287703.999100	-10
1666287704.003202	-9
1666287704.007463	-8
1666287704.011387	-7
1666287704.015697	-6
1666287704.019786	-4
1666287704.023860	-3
1666287704.027924	-2
1666287704.032003	-1
1666287704.036059	0
1666287704.040119	0
1666287704.042043	0
1666287704.043988	0
1666287704.048290	0
1666287704.050401	0
1666287704.064129	-1
1666287704.068287	-2
1666287704.072179	-3
1666287704.076356	-4
1666287704.080522	-5
1666287704.084571	-7
1666287704.088694	-8
1666287704.092796	-9
1666287704.096840	-10
1666287704.100892	-12
1666287704.105066	-13
1666287704.109384	-14
1666287704.113529	-15
1666287704.117649	-17
1666287704.121760	-18
1666287704.125759	-19
1666287704.129875	-20
1666287704.133954	-22
1666287704.138204	-23
1666287704.142260	-24
1666287704.146535	-25
1666287704.150665	-27
1666287704.154716	-28
1666287704.158981	-29
1666287704.163146	-31
1666287704.167359	-32
1666287704.171582	-33
1666287704.175560	-34
1666287704.179661	-36
1666287704.183741	-37
1666287704.188101	-38
1666287704.192173	-40
1666287704.196320	-41
1666287704.200442	-42
1666287704.204539	-43
1666287704.208549	-45
1666287704.212761	-46
1666287704.216909	-47
1666287704.221218	-49
1666287704.225327	-50
1666287704.229438	-51
1666287704.233329	-53
1666287704.237540	-54
1666287704.241654	-55
1666287704.245810	-57
1666287704.249900	-58
1666287704.254085	-59
1666287704.258223	-61
1666287704.262390	-62
1666287704.266425	-64
1666287704.270589	-65
1666287704.274715	-66
1666287704.278886	-68
1666287704.283033	-69
1666287704.287124	-71
1666287704.291380	-72
1666287704.295433	-73
1666287704.299812	-75
1666287704.303988	-76
1666287704.308147	-78
1666287704.312248	-79
1666287704.316292	-81
1666287704.320275	-82
1666287704.324398	-84
1666287704.328578	-85
1666287704.332724	-86
1666287704.337174	-88
1666287704.341330	-89
1666287704.345156	-91
1666287704.349255	-92
1666287704.353449	-94
1666287704.357582	-96
1666287704.361886	-97
1666287704.366008	-99
1666287704.370111	-100
1666287704.374313	-102
1666287704.378502	-103
1666287704.382751	-105
1666287704.386736	-107
1666287704.391058	-108
1666287704.395157	-110
1666287704.399414	-111
1666287704.403626	-113
1666287704.407767	-115
1666287704.411961	-116
1666287704.415981	-118
1666287704.420156	-120
1666287704.424400	-121
1666287704.428716	-123
1666287704.432861	-125
1666287704.436947	-126
1666287704.441040	-128
1666287704.445259	-130
1666287704.449575	-132
1666287704.453733	-133
1666287704.457898	-135
1666287704.461894	-137
1666287704.466252	-139
1666287704.470566	-140
1666287704.474626	-142
1666287704.478605	-144
1666287704.482813	-146
1666287704.487248	-147
1666287704.491260	-149
1666287704.495496	-151
1666287704.499657	-153
1666287704.503768	-155
1666287704.507776	-156
1666287704.511981	-158
1666287704.516170	-160
1666287704.520585	-162
1666287704.524679	-164
1666287704.528703	-166
1666287704.532957	-167
1666287704.537172	-169
1666287704.541367	-171
1666287704.545580	-173
1666287704.549656	-175
1666287704.553667	-177
1666287704.558033	-179
1666287704.562126	-180
1666287704.566375	-182
1666287704.570552	-184
1666287704.574592	-186
1666287704.579049	-188
1666287704.583060	-190
1666287704.587240	-192
1666287704.591421	-194
1666287704.595544	-196
1666287704.599544	-197
1666287704.603735	-199
1666287704.608135	-201
1666287704.612265	-203
1666287704.616206	-205
1666287704.620538	-207
1666287704.624614	-209
1666287704.628705	-211
1666287704.632908	-213
1666287704.637255	-215
1666287704.641220	-217
1666287704.645522	-219
1666287704.649754	-220
1666287704.653924	-222
1666287704.658054	-224
1666287704.662118	-226
1666287704.666344	-228
1666287704.670448	-230
1666287704.674795	-232
1666287704.678961	-234
1666287704.683128	-236
1666287704.687296	-238
1666287704.691283	-240
1666287704.695454	-242
1666287704.699793	-244
1666287704.703999	-246
1666287704.708180	-248
1666287704.712234	-249
1666287704.716278	-251
1666287704.720417	-253
1666287704.724771	-255
1666287704.728725	-257
1666287704.733160	-259
1666287704.737199	-261
1666287704.741299	-263
1666287704.745666	-265
1666287704.749838	-267
1666287704.754092	-269
1666287704.758133	-271
1666287704.762224	-273
1666287704.766657	-275
1666287704.770862	-277
1666287704.775009	-279
1666287704.779131	-280
1666287704.783126	-282
1666287704.787478	-284
1666287704.791622	-286
1666287704.795850	-288
1666287704.799892	-290
1666287704.804151	-292
1666287704.808450	-294
1666287704.812528	-296
1666287704.816703	-298
1666287704.820859	-300
1666287704.824945	-302
1666287704.829085	-304
1666287704.833440	-305
1666287704.837678	-307
1666287704.841813	-309
1666287704.845837	-311
1666287704.850307	-313
1666287704.854336	-315
1666287704.858577	-317
1666287704.862765	-319
1666287704.866804	-321
1666287704.870911	-322
1666287704.875128	-324
1666287704.879171	-326
1666287704.883644	-328
1666287704.887604	-330
1666287704.891806	-332
1666287704.896022	-334
1666287704.900379	-336
1666287704.904387	-337
1666287704.908726	-339
1666287704.912702	-341
1666287704.917155	-343
1666287704.921064	-345
1666287704.925466	-346
1666287704.929770	-348
1666287704.933716	-350
1666287704.937904	-352
1666287704.942288	-354
1666287704.946355	-356
1666287704.950319	-357
1666287704.954597	-359
1666287704.958921	-361
1666287704.963096	-363
1666287704.967304	-364
1666287704.971431	-366
1666287704.975466	-368
1666287704.979697	-370
1666287704.984029	-371
1666287704.988244	-373
1666287704.992421	-375
1666287704.996453	-376
1666287705.000944	-378
1666287705.004979	-380
1666287705.009187	-382
1666287705.013346	-383
1666287705.017375	-385
1666287705.021573	-387
1666287705.025942	-388
1666287705.030126	-390
1666287705.034309	-391
1666287705.038340	-393
1666287705.042467	-395
1666287705.046814	-396
1666287705.050999	-398
1666287705.055252	-399
1666287705.059285	-401
1666287705.063415	-403
1666287705.067784	-404
1666287705.071991	-406
1666287705.076177	-407
1666287705.080232	-409
1666287705.084382	-410
1666287705.088776	-412
1666287705.092958	-413
1666287705.097120	-415
1666287705.101151	-416
1666287705.105294	-418
1666287705.109527	-419
1666287705.113891	-421
1666287705.118116	-422
1666287705.122141	-424
1666287705.126281	-425
1666287705.130464	-427
1666287705.134722	-428
1666287705.138750	-430
1666287705.143003	-431
1666287705.147142	-432
1666287705.151473	-434
1666287705.155705	-435
1666287705.159888	-437
1666287705.164012	-438
1666287705.168241	-439
1666287705.172549	-441
1666287705.176677	-442
1666287705.180836	-444
1666287705.184966	-445
1666287705.189010	-446
1666287705.193389	-448
1666287705.197560	-449
1666287705.201706	-450
1666287705.205906	-452
1666287705.209895	-453
1666287705.214104	-454
1666287705.218479	-456
1666287705.222662	-457
1666287705.226827	-458
1666287705.230834	-460
1666287705.235036	-461
1666287705.239284	-462
1666287705.243603	-464
1666287705.247735	-465
1666287705.251793	-466
1666287705.256145	-468
1666287705.260350	-469
1666287705.264601	-470
1666287705.268716	-471
1666287705.272753	-473
1666287705.277138	-474
1666287705.281337	-475
1666287705.285535	-477
1666287705.289671	-478
1666287705.293678	-479
1666287705.297817	-480
1666287705.302135	-482
1666287705.306139	-483
1666287705.310694	-484
1666287705.314771	-485
1666287705.318944	-487
1666287705.323108	-488
1666287705.327093	-489
1666287705.331511	-491
1666287705.335516	-492
1666287705.339702	-493
1666287705.344012	-494
1666287705.348251	-496
1666287705.352413	-497
1666287705.356480	-498
1666287705.360608	-499
1666287705.364840	-500
1666287705.369352	-500
1666287705.371372	-500
1666287705.385264	-499
1666287705.389248	-498
1666287705.393319	-497
1666287705.397452	-496
1666287705.401681	-494
1666287705.405993	-493
1666287705.410190	-492
1666287705.414341	-491
1666287705.418373	-489
1666287705.422637	-488
1666287705.426974	-487
1666287705.431195	-486
1666287705.435380	-484
1666287705.439632	-483
1666287705.443746	-482
1666287705.447905	-481
1666287705.451935	-479
1666287705.456172	-478
1666287705.460457	-477
1666287705.464580	-475
1666287705.468842	-474
1666287705.472982	-473
1666287705.477082	-472
1666287705.481241	-470
1666287705.485473	-469
1666287705.489787	-468
1666287705.493977	-466
1666287705.498131	-465
1666287705.502355	-464
1666287705.506541	-463
1666287705.510779	-461
1666287705.514803	-460
1666287705.519070	-459
1666287705.523221	-457
1666287705.527445	-456
1666287705.531689	-455
1666287705.535866	-453
1666287705.539982	-452
1666287705.544078	-451
1666287705.548362	-449
1666287705.552655	-448
1666287705.556843	-447
1666287705.560969	-445
1666287705.565063	-444
1666287705.569477	-442
1666287705.573646	-441
1666287705.577828	-440
1666287705.581906	-438
1666287705.585961	-437
1666287705.590392	-436
1666287705.594627	-434
1666287705.598737	-433
1666287705.602870	-431
1666287705.606876	-430
1666287705.611105	-428
1666287705.615504	-427
1666287705.619649	-426
1666287705.623773	-424
1666287705.627783	-423
1666287705.632159	-421
1666287705.636225	-420
1666287705.640530	-418
1666287705.644641	-417
1666287705.648776	-415
1666287705.652907	-414
1666287705.657287	-412
1666287705.661484	-411
1666287705.665501	-409
1666287705.669719	-408
1666287705.673954	-406
1666287705.678264	-405
1666287705.682513	-403
1666287705.686553	-402
1666287705.690660	-400
1666287705.694927	-398
1666287705.699074	-397
1666287705.703544	-395
1666287705.707507	-394
1666287705.711669	-392
1666287705.715913	-390
1666287705.720225	-389
1666287705.724347	-387
1666287705.728480	-385
1666287705.732658	-384
1666287705.737003	-382
1666287705.741202	-380
1666287705.745380	-379
1666287705.749440	-377
1666287705.753585	-375
1666287705.757935	-374
1666287705.762144	-372
1666287705.766346	-370
1666287705.770396	-368
1666287705.774537	-367
1666287705.778896	-365
1666287705.783153	-363
1666287705.787343	-361
1666287705.791335	-360
1666287705.795447	-358
1666287705.799826	-356
1666287705.804038	-354
1666287705.808238	-353
1666287705.812266	-351
1666287705.816412	-349
1666287705.820729	-347
1666287705.825089	-345
1666287705.829240	-343
1666287705.833294	-342
1666287705.837548	-340
1666287705.841679	-338
1666287705.845980	-336
1666287705.850099	-334
1666287705.854201	-332
1666287705.858339	-331
1666287705.862574	-329
1666287705.866842	-327
1666287705.871012	-325
1666287705.875090	-323
1666287705.879353	-321
1666287705.883383	-319
1666287705.887445	-318
1666287705.891825	-316
1666287705.896121	-314
1666287705.900182	-312
1666287705.904446	-310
1666287705.908589	-308
1666287705.912863	-306
1666287705.916883	-304
1666287705.921033	-302
1666287705.925360	-300
1666287705.929556	-299
1666287705.933814	-297
1666287705.937910	-295
1666287705.941887	-293
1666287705.946406	-291
1666287705.950555	-289
1666287705.954771	-287
1666287705.958884	-285
1666287705.962972	-283
1666287705.967347	-281
1666287705.971412	-279
1666287705.975640	-277
1666287705.979811	-275
1666287705.983783	-273
1666287705.988223	-271
1666287705.992388	-270
1666287705.996660	-268
1666287706.000787	-266
1666287706.004777	-264
1666287706.009198	-262
1666287706.013304	-260
1666287706.017545	-258
1666287706.021654	-256
1666287706.025706	-254
1666287706.029909	-252
1666287706.033943	-250
1666287706.038290	-248
1666287706.042474	-246
1666287706.046525	-244
1666287706.050609	-242
1666287706.054670	-240
1666287706.058845	-239
1666287706.063085	-237
1666287706.067438	-235
1666287706.071541	-233
1666287706.075524	-231
1666287706.079664	-229
1666287706.084069	-227
1666287706.088297	-225
1666287706.092479	-223
1666287706.096509	-221
1666287706.100520	-219
1666287706.104666	-217
1666287706.108894	-215
1666287706.113286	-213
1666287706.117418	-211
1666287706.121432	-210
1666287706.125535	-208
1666287706.129762	-206
1666287706.134117	-204
1666287706.138085	-202
1666287706.142336	-200
1666287706.146501	-198
1666287706.150706	-196
1666287706.154897	-194
1666287706.159047	-192
1666287706.163391	-190
1666287706.167327	-189
1666287706.171453	-187
1666287706.175815	-185
1666287706.179971	-183
1666287706.184111	-181
1666287706.188216	-179
1666287706.192258	-177
1666287706.196407	-175
1666287706.200566	-174
1666287706.204948	-172
1666287706.209122	-170
1666287706.213178	-168
1666287706.217331	-166
1666287706.221473	-164
1666287706.225689	-163
1666287706.229941	-161
1666287706.234070	-159
1666287706.238132	-157
1666287706.242343	-155
1666287706.246603	-153
1666287706.250815	-152
1666287706.255000	-150
1666287706.259071	-148
1666287706.263153	-146
1666287706.267331	-144
1666287706.271711	-143
1666287706.275892	-141
1666287706.280001	-139
1666287706.284009	-137
1666287706.288182	-136
1666287706.292567	-134
1666287706.296499	-132
1666287706.300892	-130
1666287706.305001	-129
1666287706.309032	-127
1666287706.313232	-125
1666287706.317561	-124
1666287706.321443	-122
1666287706.325639	-120
1666287706.329844	-119
1666287706.334037	-117
1666287706.338476	-115
1666287706.342607	-114
1666287706.346761	-112
1666287706.350842	-110
1666287706.354867	-109
1666287706.359251	-107
1666287706.363430	-105
1666287706.367564	-104
1666287706.371664	-102
1666287706.375750	-101
1666287706.379997	-99
1666287706.383975	-97
1666287706.388421	-96
1666287706.392611	-94
1666287706.396590	-93
1666287706.400667	-91
1666287706.404660	-90
1666287706.408983	-88
1666287706.413070	-87
1666287706.417361	-85
1666287706.421405	-84
1666287706.425577	-82
1666287706.429634	-81
1666287706.433663	-79
1666287706.438007	-78
1666287706.442072	-77
1666287706.446308	-75
1666287706.450475	-74
1666287706.454530	-72
1666287706.458513	-71
1666287706.462633	-69
1666287706.467016	-68
1666287706.471065	-67
1666287706.475262	-65
1666287706.479371	-64
1666287706.483460	-62
1666287706.487449	-61
1666287706.491577	-60
1666287706.495704	-58
1666287706.500051	-57
1666287706.504203	-56
1666287706.508325	-54
1666287706.512353	-53
1666287706.516389	-52
1666287706.520501	-50
1666287706.524794	-49
1666287706.528980	-48
1666287706.533157	-46
1666287706.537273	-45
1666287706.541310	-44
1666287706.545357	-42
1666287706.549447	-41
1666287706.553722	-40
1666287706.557996	-38
1666287706.562125	-37
1666287706.566252	-36
1666287706.570264	-35
1666287706.574358	-33
1666287706.578630	-32
1666287706.582852	-31
1666287706.586935	-29
1666287706.591105	-28
1666287706.595175	-27
1666287706.599294	-26
1666287706.603243	-24
1666287706.607374	-23
1666287706.611707	-22
1666287706.615891	-21
1666287706.620021	-19
1666287706.624063	-18
1666287706.628155	-17
1666287706.632171	-15
1666287706.636490	-14
1666287706.640611	-13
1666287706.644813	-12
1666287706.648914	-10
1666287706.652954	-9
1666287706.656993	-8
1666287706.661095	-7
1666287706.665286	-6
1666287706.669401	-4
1666287706.673493	-3
1666287706.677685	-2
1666287706.681797	-1
1666287706.685838	0
1666287706.689911	0
1666287706.691870	0
