## Values
## High Speed = 500
## Low Speed = 300
## Acceleration = 800
## Deceleration = 300
## Position = 0
## Idle Time = 1
## Accel/Decel profile = Sinusoidal
## Dwell time = 0.0
## Length = 500
## Cycles = 3


1666287720.295583	0
1666287720.299811	0
1666287720.301885	0
1666287720.315477	0
1666287720.319690	-2
1666287720.323748	-3
1666287720.327869	-4
1666287720.331882	-5
1666287720.336004	-7
1666287720.340029	-8
1666287720.344160	-9
1666287720.348241	-10
1666287720.352434	-12
1666287720.356503	-13
1666287720.360848	-14
1666287720.364818	-15
1666287720.369097	-17
1666287720.373174	-18
1666287720.377293	-19
1666287720.381444	-20
1666287720.385742	-22
1666287720.389951	-23
1666287720.394018	-24
1666287720.398129	-25
1666287720.402231	-27
1666287720.406462	-28
1666287720.410494	-29
1666287720.414716	-30
1666287720.418771	-32
1666287720.422913	-33
1666287720.427286	-34
1666287720.431232	-36
1666287720.435571	-37
1666287720.439670	-38
1666287720.443841	-39
1666287720.447908	-41
1666287720.452039	-42
1666287720.456327	-43
1666287720.460421	-45
1666287720.464437	-46
1666287720.468682	-47
1666287720.472814	-48
1666287720.476815	-50
1666287720.480979	-51
1666287720.485328	-52
1666287720.489409	-54
1666287720.493550	-55
1666287720.497670	-56
1666287720.501731	-58
1666287720.505811	-59
1666287720.510053	-60
1666287720.514189	-62
1666287720.518375	-63
1666287720.522536	-64
1666287720.526456	-66
1666287720.530685	-67
1666287720.534747	-68
1666287720.538858	-70
1666287720.543274	-71
1666287720.547437	-73
1666287720.551446	-74
1666287720.555779	-75
1666287720.559762	-77
1666287720.563858	-78
1666287720.567940	-80
1666287720.572079	-81
1666287720.576215	-82
1666287720.580320	-84
1666287720.584475	-85
1666287720.588541	-87
1666287720.592838	-88
1666287720.597057	-89
1666287720.601233	-91
1666287720.605182	-92
1666287720.609491	-94
1666287720.613492	-95
1666287720.617765	-97
1666287720.621739	-98
1666287720.625911	-100
1666287720.630123	-101
1666287720.634525	-103
1666287720.638469	-104
1666287720.642664	-106
1666287720.646821	-107
1666287720.650969	-109
1666287720.655171	-110
1666287720.659424	-112
1666287720.663485	-114
1666287720.667701	-115
1666287720.672022	-117
1666287720.676151	-118
1666287720.680297	-120
1666287720.684398	-122
1666287720.688696	-123
1666287720.692866	-125
1666287720.696891	-126
1666287720.701087	-128
1666287720.705265	-130
1666287720.709465	-131
1666287720.713711	-133
1666287720.717765	-135
1666287720.721905	-136
1666287720.726191	-138
1666287720.730294	-139
1666287720.734528	-141
1666287720.738646	-143
1666287720.742837	-144
1666287720.747084	-146
1666287720.751280	-148
1666287720.755355	-150
1666287720.759557	-151
1666287720.763855	-153
1666287720.768016	-155
1666287720.772008	-156
1666287720.776244	-158
1666287720.780479	-160
1666287720.784714	-162
1666287720.788780	-163
1666287720.792958	-165
1666287720.797190	-167
1666287720.801397	-168
1666287720.805476	-170
1666287720.809610	-172
1666287720.813776	-174
1666287720.818098	-175
1666287720.822176	-177
1666287720.826288	-179
1666287720.830556	-181
1666287720.834709	-182
1666287720.838870	-184
1666287720.843070	-186
1666287720.847252	-188
1666287720.851513	-190
1666287720.855603	-191
1666287720.859746	-193
1666287720.863945	-195
1666287720.868293	-197
1666287720.872267	-198
1666287720.876431	-200
1666287720.880621	-202
1666287720.884960	-204
1666287720.889018	-206
1666287720.893168	-207
1666287720.897446	-209
1666287720.901703	-211
1666287720.905745	-213
1666287720.909862	-215
1666287720.914147	-216
1666287720.918359	-218
1666287720.922421	-220
1666287720.926551	-222
1666287720.930925	-224
1666287720.935001	-226
1666287720.939104	-227
1666287720.943421	-229
1666287720.947518	-231
1666287720.951761	-233
1666287720.955778	-235
1666287720.959870	-236
1666287720.964040	-238
1666287720.968297	-240
1666287720.972362	-242
1666287720.976557	-244
1666287720.980603	-245
1666287720.984968	-247
1666287720.988969	-249
1666287720.993057	-251
1666287720.997380	-253
1666287721.001453	-254
1666287721.005514	-256
1666287721.009736	-258
1666287721.013781	-260
1666287721.018090	-262
1666287721.022230	-263
1666287721.026273	-265
1666287721.030682	-267
1666287721.034810	-269
1666287721.038837	-271
1666287721.043025	-272
1666287721.047190	-274
1666287721.051536	-276
1666287721.055610	-278
1666287721.059810	-280
1666287721.063898	-282
1666287721.068167	-283
1666287721.072289	-285
1666287721.076493	-287
1666287721.080710	-289
1666287721.085028	-291
1666287721.089144	-292
1666287721.093327	-294
1666287721.097439	-296
1666287721.101771	-298
1666287721.105857	-300
1666287721.110019	-301
1666287721.114228	-303
1666287721.118519	-305
1666287721.122634	-307
1666287721.126819	-309
1666287721.130952	-310
1666287721.135199	-312
1666287721.139455	-314
1666287721.143585	-316
1666287721.147887	-318
1666287721.151931	-319
1666287721.156189	-321
1666287721.160323	-323
1666287721.164459	-325
1666287721.168720	-326
1666287721.172913	-328
1666287721.177049	-330
1666287721.181375	-332
1666287721.185448	-333
1666287721.189604	-335
1666287721.193856	-337
1666287721.197971	-339
1666287721.202194	-340
1666287721.206341	-342
1666287721.210551	-344
1666287721.214801	-345
1666287721.219011	-347
1666287721.223293	-349
1666287721.227476	-351
1666287721.231618	-352
1666287721.235724	-354
1666287721.239947	-356
1666287721.244008	-357
1666287721.248252	-359
1666287721.252455	-361
1666287721.256637	-362
1666287721.260851	-364
1666287721.265064	-366
1666287721.269258	-367
1666287721.273453	-369
1666287721.277618	-371
1666287721.281677	-372
1666287721.285849	-374
1666287721.290137	-375
1666287721.294356	-377
1666287721.298560	-379
1666287721.302606	-380
1666287721.306752	-382
1666287721.310950	-383
1666287721.315245	-385
1666287721.319356	-387
1666287721.323557	-388
1666287721.327715	-390
1666287721.331882	-391
1666287721.336171	-393
1666287721.340428	-394
1666287721.344491	-396
1666287721.348618	-398
1666287721.352914	-399
1666287721.357160	-401
1666287721.361264	-402
1666287721.365408	-404
1666287721.369702	-405
1666287721.373851	-407
1666287721.378072	-408
1666287721.382183	-410
1666287721.386388	-411
1666287721.390787	-412
1666287721.395025	-414
1666287721.398974	-415
1666287721.403202	-417
1666287721.407413	-418
1666287721.411603	-420
1666287721.415658	-421
1666287721.419975	-423
1666287721.424109	-424
1666287721.428332	-425
1666287721.432407	-427
1666287721.436730	-428
1666287721.440909	-430
1666287721.445086	-431
1666287721.449215	-432
1666287721.453454	-434
1666287721.457634	-435
1666287721.461735	-436
1666287721.466016	-438
1666287721.470160	-439
1666287721.474236	-441
1666287721.478450	-442
1666287721.482605	-443
1666287721.486970	-445
1666287721.491161	-446
1666287721.495126	-447
1666287721.499351	-449
1666287721.503715	-450
1666287721.507910	-451
1666287721.512064	-453
1666287721.516488	-454
1666287721.520309	-455
1666287721.524753	-457
1666287721.528650	-458
1666287721.533019	-459
1666287721.537026	-460
1666287721.541211	-462
1666287721.545569	-463
1666287721.549569	-464
1666287721.553891	-466
1666287721.557991	-467
1666287721.562148	-468
1666287721.566405	-470
1666287721.570713	-471
1666287721.574682	-472
1666287721.578885	-473
1666287721.583131	-475
1666287721.587244	-476
1666287721.591594	-477
1666287721.595790	-478
1666287721.599754	-480
1666287721.604028	-481
1666287721.608316	-482
1666287721.612562	-484
1666287721.616512	-485
1666287721.620725	-486
1666287721.625165	-487
1666287721.629338	-489
1666287721.633344	-490
1666287721.637699	-491
1666287721.641675	-492
1666287721.645943	-494
1666287721.650153	-495
1666287721.654216	-496
1666287721.658384	-497
1666287721.662616	-499
1666287721.666766	-500
1666287721.671237	-500
1666287721.673326	-500
1666287721.687241	-499
1666287721.691282	-498
1666287721.695432	-497
1666287721.699575	-496
1666287721.703716	-494
1666287721.707920	-493
1666287721.712076	-492
1666287721.716235	-491
1666287721.720359	-489
1666287721.724580	-488
1666287721.728806	-487
1666287721.732915	-486
1666287721.737228	-484
1666287721.741416	-483
1666287721.745653	-482
1666287721.749649	-481
1666287721.754037	-479
1666287721.758226	-478
1666287721.762386	-477
1666287721.766531	-475
1666287721.770660	-474
1666287721.775038	-473
1666287721.779020	-472
1666287721.783142	-470
1666287721.787350	-469
1666287721.791577	-468
1666287721.795927	-467
1666287721.800116	-465
1666287721.804247	-464
1666287721.808337	-463
1666287721.812702	-461
1666287721.816673	-460
1666287721.821090	-459
1666287721.825173	-457
1666287721.829306	-456
1666287721.833479	-455
1666287721.837658	-453
1666287721.841931	-452
1666287721.846134	-451
1666287721.850239	-450
1666287721.854508	-448
1666287721.858743	-447
1666287721.863021	-446
1666287721.867021	-444
1666287721.871190	-443
1666287721.875485	-441
1666287721.879730	-440
1666287721.883769	-439
1666287721.888045	-437
1666287721.892296	-436
1666287721.896307	-435
1666287721.900481	-433
1666287721.904800	-432
1666287721.908967	-431
1666287721.913068	-429
1666287721.917402	-428
1666287721.921571	-426
1666287721.925771	-425
1666287721.929915	-424
1666287721.934014	-422
1666287721.938158	-421
1666287721.942538	-419
1666287721.946693	-418
1666287721.950885	-416
1666287721.954950	-415
1666287721.959299	-414
1666287721.963373	-412
1666287721.967684	-411
1666287721.971842	-409
1666287721.975981	-408
1666287721.980380	-406
1666287721.984494	-405
1666287721.988658	-403
1666287721.992782	-402
1666287721.996920	-400
1666287722.001068	-399
1666287722.005220	-397
1666287722.009595	-396
1666287722.013668	-394
1666287722.017993	-393
1666287722.022151	-391
1666287722.026347	-390
1666287722.030557	-388
1666287722.034621	-386
1666287722.038951	-385
1666287722.043156	-383
1666287722.047317	-382
1666287722.051541	-380
1666287722.055599	-378
1666287722.059709	-377
1666287722.063920	-375
1666287722.068372	-374
1666287722.072415	-372
1666287722.076521	-370
1666287722.080809	-369
1666287722.084990	-367
1666287722.089249	-365
1666287722.093373	-364
1666287722.097501	-362
1666287722.101639	-360
1666287722.105848	-359
1666287722.110031	-357
1666287722.114397	-355
1666287722.118397	-354
1666287722.122657	-352
1666287722.126915	-350
1666287722.131066	-349
1666287722.135218	-347
1666287722.139410	-345
1666287722.143650	-343
1666287722.147857	-342
1666287722.151997	-340
1666287722.156202	-338
1666287722.160260	-337
1666287722.164430	-335
1666287722.168650	-333
1666287722.172932	-331
1666287722.177075	-330
1666287722.181192	-328
1666287722.185383	-326
1666287722.189621	-324
1666287722.193792	-323
1666287722.197994	-321
1666287722.202207	-319
1666287722.206403	-317
1666287722.210609	-315
1666287722.214765	-314
1666287722.218978	-312
1666287722.223125	-310
1666287722.227293	-308
1666287722.231501	-307
1666287722.235766	-305
1666287722.239908	-303
1666287722.244127	-301
1666287722.248246	-299
1666287722.252426	-298
1666287722.256725	-296
1666287722.260852	-294
1666287722.265087	-292
1666287722.269257	-290
1666287722.273464	-289
1666287722.277656	-287
1666287722.281905	-285
1666287722.286062	-283
1666287722.290173	-281
1666287722.294424	-279
1666287722.298624	-278
1666287722.302733	-276
1666287722.306994	-274
1666287722.311191	-272
1666287722.315376	-270
1666287722.319549	-269
1666287722.323699	-267
1666287722.327895	-265
1666287722.332054	-263
1666287722.336217	-261
1666287722.340386	-260
1666287722.344489	-258
1666287722.348660	-256
1666287722.352832	-254
1666287722.356981	-252
1666287722.361135	-251
1666287722.365311	-249
1666287722.369390	-247
1666287722.373556	-245
1666287722.377743	-243
1666287722.381782	-241
1666287722.386014	-240
1666287722.390145	-238
1666287722.394313	-236
1666287722.398431	-234
1666287722.402585	-232
1666287722.406707	-231
1666287722.410931	-229
1666287722.415053	-227
1666287722.419206	-225
1666287722.423377	-223
1666287722.427578	-222
1666287722.431772	-220
1666287722.435905	-218
1666287722.440192	-216
1666287722.444205	-214
1666287722.448359	-213
1666287722.452826	-211
1666287722.457033	-209
1666287722.461013	-207
1666287722.465281	-205
1666287722.469395	-204
1666287722.473538	-202
1666287722.477872	-200
1666287722.481986	-198
1666287722.486199	-196
1666287722.490383	-195
1666287722.494410	-193
1666287722.498554	-191
1666287722.502830	-189
1666287722.507079	-188
1666287722.511233	-186
1666287722.515329	-184
1666287722.519439	-182
1666287722.523697	-180
1666287722.527884	-179
1666287722.532036	-177
1666287722.536250	-175
1666287722.540286	-173
1666287722.544454	-172
1666287722.548749	-170
1666287722.552906	-168
1666287722.557065	-166
1666287722.561186	-165
1666287722.565300	-163
1666287722.569589	-161
1666287722.573790	-160
1666287722.577949	-158
1666287722.582118	-156
1666287722.586175	-154
1666287722.590306	-153
1666287722.594674	-151
1666287722.598818	-149
1666287722.603007	-148
1666287722.607090	-146
1666287722.611167	-144
1666287722.615542	-143
1666287722.619705	-141
1666287722.623874	-139
1666287722.627877	-138
1666287722.632199	-136
1666287722.636257	-134
1666287722.640588	-133
1666287722.644740	-131
1666287722.648731	-129
1666287722.652890	-128
1666287722.657337	-126
1666287722.661286	-124
1666287722.665588	-123
1666287722.669725	-121
1666287722.673908	-120
1666287722.677922	-118
1666287722.682144	-116
1666287722.686355	-115
1666287722.690567	-113
1666287722.694756	-112
1666287722.698868	-110
1666287722.702940	-109
1666287722.707303	-107
1666287722.711480	-106
1666287722.715650	-104
1666287722.719784	-102
1666287722.723819	-101
1666287722.728199	-99
1666287722.732319	-98
1666287722.736369	-96
1666287722.740546	-95
1666287722.744684	-94
1666287722.748706	-92
1666287722.752845	-91
1666287722.757095	-89
1666287722.761337	-88
1666287722.765416	-86
1666287722.769575	-85
1666287722.773665	-83
1666287722.777670	-82
1666287722.781789	-81
1666287722.785971	-79
1666287722.790229	-78
1666287722.794345	-76
1666287722.798522	-75
1666287722.802561	-74
1666287722.806588	-72
1666287722.810992	-71
1666287722.815149	-69
1666287722.819175	-68
1666287722.823338	-67
1666287722.827447	-65
1666287722.831514	-64
1666287722.835592	-63
1666287722.839695	-61
1666287722.843976	-60
1666287722.848170	-59
1666287722.852316	-57
1666287722.856408	-56
1666287722.860439	-55
1666287722.864482	-53
1666287722.868603	-52
1666287722.872945	-51
1666287722.876936	-49
1666287722.881263	-48
1666287722.885481	-47
1666287722.889535	-45
1666287722.893563	-44
1666287722.897883	-43
1666287722.901910	-42
1666287722.906003	-40
1666287722.910139	-39
1666287722.914263	-38
1666287722.918291	-36
1666287722.922620	-35
1666287722.926743	-34
1666287722.930713	-33
1666287722.934880	-31
1666287722.939000	-30
1666287722.943190	-29
1666287722.947273	-27
1666287722.951369	-26
1666287722.955677	-25
1666287722.959793	-24
1666287722.963934	-22
1666287722.968064	-21
1666287722.972170	-20
1666287722.976366	-19
1666287722.980560	-17
1666287722.984683	-16
1666287722.988809	-15
1666287722.992761	-14
1666287722.997054	-12
1666287723.001066	-11
1666287723.005455	-10
1666287723.009467	-9
1666287723.013503	-7
1666287723.017461	-6
1666287723.021576	-5
1666287723.025800	-4
1666287723.029906	-2
1666287723.033831	-1
1666287723.037927	0
1666287723.042299	0
1666287723.044132	0
1666287723.046100	0
1666287723.050247	0
1666287723.052388	0
1666287723.066049	-1
1666287723.070166	-2
1666287723.074243	-3
1666287723.078292	-4
1666287723.082529	-5
1666287723.086477	-7
1666287723.090679	-8
1666287723.094730	-9
1666287723.098784	-10
1666287723.102905	-12
1666287723.107165	-13
1666287723.111283	-14
1666287723.115512	-15
1666287723.119632	-17
1666287723.123728	-18
1666287723.127748	-19
1666287723.131881	-20
1666287723.136154	-22
1666287723.140324	-23
1666287723.144536	-24
1666287723.148453	-25
1666287723.152669	-27
1666287723.156759	-28
1666287723.161038	-29
1666287723.165005	-30
1666287723.169283	-32
1666287723.173500	-33
1666287723.177580	-34
1666287723.181557	-36
1666287723.185774	-37
1666287723.190029	-38
1666287723.194207	-39
1666287723.198356	-41
1666287723.202481	-42
1666287723.206546	-43
1666287723.210603	-45
1666287723.214732	-46
1666287723.219078	-47
1666287723.223219	-48
1666287723.227379	-50
1666287723.231332	-51
1666287723.235448	-52
1666287723.239578	-54
1666287723.243759	-55
1666287723.248010	-56
1666287723.252253	-58
1666287723.256352	-59
1666287723.260390	-60
1666287723.264378	-62
1666287723.268873	-63
1666287723.272819	-64
1666287723.276994	-66
1666287723.281128	-67
1666287723.285269	-68
1666287723.289273	-70
1666287723.293314	-71
1666287723.297702	-73
1666287723.301585	-74
1666287723.305964	-75
1666287723.310063	-77
1666287723.314205	-78
1666287723.318190	-80
1666287723.322573	-81
1666287723.326624	-82
1666287723.330798	-84
1666287723.334927	-85
1666287723.339072	-87
1666287723.343130	-88
1666287723.347169	-90
1666287723.351600	-91
1666287723.355632	-92
1666287723.359758	-94
1666287723.363793	-95
1666287723.368009	-97
1666287723.372092	-98
1666287723.376265	-100
1666287723.380404	-101
1666287723.384598	-103
1666287723.388925	-104
1666287723.392966	-106
1666287723.397251	-107
1666287723.401391	-109
1666287723.405411	-111
1666287723.409802	-112
1666287723.413850	-114
1666287723.418105	-115
1666287723.422298	-117
1666287723.426481	-118
1666287723.430703	-120
1666287723.434833	-122
1666287723.438907	-123
1666287723.443209	-125
1666287723.447444	-126
1666287723.451376	-128
1666287723.455490	-130
1666287723.459822	-131
1666287723.463952	-133
1666287723.468257	-135
1666287723.472259	-136
1666287723.476385	-138
1666287723.480697	-140
1666287723.484900	-141
1666287723.489119	-143
1666287723.493241	-145
1666287723.497400	-146
1666287723.501600	-148
1666287723.505635	-150
1666287723.509856	-151
1666287723.514092	-153
1666287723.518329	-155
1666287723.522489	-156
1666287723.526551	-158
1666287723.530710	-160
1666287723.534928	-162
1666287723.539199	-163
1666287723.543378	-165
1666287723.547513	-167
1666287723.551574	-168
1666287723.555775	-170
1666287723.560045	-172
1666287723.564322	-174
1666287723.568256	-175
1666287723.572500	-177
1666287723.576604	-179
1666287723.580863	-181
1666287723.585106	-183
1666287723.589141	-184
1666287723.593479	-186
1666287723.597443	-188
1666287723.601950	-190
1666287723.606008	-191
1666287723.610173	-193
1666287723.614366	-195
1666287723.618395	-197
1666287723.622561	-199
1666287723.626829	-200
1666287723.631055	-202
1666287723.635147	-204
1666287723.639275	-206
1666287723.643407	-208
1666287723.647709	-209
1666287723.651942	-211
1666287723.656125	-213
1666287723.660269	-215
1666287723.664358	-217
1666287723.668688	-218
1666287723.672865	-220
1666287723.677094	-222
1666287723.681243	-224
1666287723.685236	-226
1666287723.689490	-227
1666287723.693944	-229
1666287723.697931	-231
1666287723.702094	-233
1666287723.705975	-235
1666287723.710296	-236
1666287723.714355	-238
1666287723.718637	-240
1666287723.722728	-242
1666287723.726795	-244
1666287723.731070	-245
1666287723.735053	-247
1666287723.739470	-249
1666287723.743388	-251
1666287723.747438	-253
1666287723.751802	-254
1666287723.755942	-256
1666287723.759986	-258
1666287723.764164	-260
1666287723.768359	-262
1666287723.772632	-263
1666287723.776762	-265
1666287723.780914	-267
1666287723.784943	-269
1666287723.789142	-271
1666287723.793319	-273
1666287723.797687	-274
1666287723.801847	-276
1666287723.805925	-278
1666287723.810101	-280
1666287723.814252	-282
1666287723.818604	-283
1666287723.822792	-285
1666287723.826879	-287
1666287723.830989	-289
1666287723.835406	-291
1666287723.839580	-292
1666287723.843801	-294
1666287723.847802	-296
1666287723.851934	-298
1666287723.856364	-300
1666287723.860558	-301
1666287723.864734	-303
1666287723.868774	-305
1666287723.873272	-307
1666287723.877297	-309
1666287723.881497	-310
1666287723.885685	-312
1666287723.889730	-314
1666287723.893846	-316
1666287723.898290	-318
1666287723.902364	-319
1666287723.906617	-321
1666287723.910640	-323
1666287723.914754	-325
1666287723.919206	-326
1666287723.923387	-328
1666287723.927554	-330
1666287723.931625	-332
1666287723.935701	-333
1666287723.939900	-335
1666287723.944382	-337
1666287723.948470	-339
1666287723.952405	-340
1666287723.956988	-342
1666287723.961030	-344
1666287723.965137	-345
1666287723.969177	-347
1666287723.973433	-349
1666287723.977570	-351
1666287723.981900	-352
1666287723.986141	-354
1666287723.990305	-356
1666287723.994380	-357
1666287723.998589	-359
1666287724.002866	-361
1666287724.007054	-362
1666287724.011248	-364
1666287724.015350	-366
1666287724.019387	-367
1666287724.023662	-369
1666287724.027753	-371
1666287724.032213	-372
1666287724.036336	-374
1666287724.040370	-376
1666287724.044551	-377
1666287724.048928	-379
1666287724.053131	-380
1666287724.057261	-382
1666287724.061268	-384
1666287724.065762	-385
1666287724.069835	-387
1666287724.074071	-388
1666287724.078171	-390
1666287724.082195	-391
1666287724.086556	-393
1666287724.090775	-394
1666287724.095007	-396
1666287724.099144	-398
1666287724.103153	-399
1666287724.107623	-401
1666287724.111783	-402
1666287724.115962	-404
1666287724.120099	-405
1666287724.124144	-407
1666287724.128540	-408
1666287724.132678	-410
1666287724.136908	-411
1666287724.140948	-412
1666287724.145142	-414
1666287724.149249	-415
1666287724.153561	-417
1666287724.157727	-418
1666287724.161866	-420
1666287724.166034	-421
1666287724.170254	-423
1666287724.174441	-424
1666287724.178647	-425
1666287724.182791	-427
1666287724.186959	-428
1666287724.191098	-430
1666287724.195434	-431
1666287724.199739	-432
1666287724.203962	-434
1666287724.208007	-435
1666287724.212093	-436
1666287724.216382	-438
1666287724.220437	-439
1666287724.224644	-441
1666287724.228827	-442
1666287724.233018	-443
1666287724.237219	-445
1666287724.241391	-446
1666287724.245523	-447
1666287724.249651	-449
1666287724.253892	-450
1666287724.258073	-451
1666287724.262300	-453
1666287724.266547	-454
1666287724.270665	-455
1666287724.274861	-457
1666287724.278933	-458
1666287724.283310	-459
1666287724.287484	-460
1666287724.291632	-462
1666287724.295738	-463
1666287724.300086	-464
1666287724.304358	-466
1666287724.308439	-467
1666287724.312530	-468
1666287724.316983	-470
1666287724.320840	-471
1666287724.324981	-472
1666287724.329205	-473
1666287724.333408	-475
1666287724.337594	-476
1666287724.341735	-477
1666287724.345860	-478
1666287724.350171	-480
1666287724.354375	-481
1666287724.358502	-482
1666287724.362690	-484
1666287724.366880	-485
1666287724.371083	-486
1666287724.375325	-487
1666287724.379459	-489
1666287724.383639	-490
1666287724.387897	-491
1666287724.392139	-492
1666287724.396256	-494
1666287724.400332	-495
1666287724.404506	-496
1666287724.408773	-497
1666287724.412970	-499
1666287724.417196	-500
1666287724.451970	-500
1666287724.467999	-500
1666287724.481688	-499
1666287724.485883	-498
1666287724.490104	-497
1666287724.494318	-496
1666287724.498481	-494
1666287724.502686	-493
1666287724.507039	-492
1666287724.511076	-491
1666287724.515358	-489
1666287724.519543	-488
1666287724.523712	-487
1666287724.527891	-486
1666287724.531889	-484
1666287724.536306	-483
1666287724.540495	-482
1666287724.544669	-481
1666287724.548837	-479
1666287724.552930	-478
1666287724.557217	-477
1666287724.561544	-475
1666287724.565658	-474
1666287724.569821	-473
1666287724.573781	-472
1666287724.578028	-470
1666287724.582355	-469
1666287724.586550	-468
1666287724.590561	-467
1666287724.594788	-465
1666287724.598954	-464
1666287724.603196	-463
1666287724.607341	-461
1666287724.611620	-460
1666287724.615719	-459
1666287724.620093	-457
1666287724.624211	-456
1666287724.628389	-455
1666287724.632605	-453
1666287724.636749	-452
1666287724.640970	-451
1666287724.645265	-450
1666287724.649555	-448
1666287724.653529	-447
1666287724.657791	-446
1666287724.661964	-444
1666287724.666141	-443
1666287724.670330	-441
1666287724.674517	-440
1666287724.678665	-439
1666287724.682899	-437
1666287724.687066	-436
1666287724.691201	-435
1666287724.695419	-433
1666287724.699561	-432
1666287724.703737	-431
1666287724.707941	-429
1666287724.712193	-428
1666287724.716265	-426
1666287724.720454	-425
1666287724.724625	-424
1666287724.728999	-422
1666287724.733214	-421
1666287724.737387	-419
1666287724.741408	-418
1666287724.745601	-416
1666287724.749918	-415
1666287724.754122	-414
1666287724.758242	-412
1666287724.762377	-411
1666287724.766843	-409
1666287724.770945	-408
1666287724.775160	-406
1666287724.779058	-405
1666287724.783331	-403
1666287724.787809	-402
1666287724.792056	-400
1666287724.796090	-399
1666287724.800240	-397
1666287724.804235	-396
1666287724.808707	-394
1666287724.812823	-393
1666287724.817084	-391
1666287724.821186	-390
1666287724.825300	-388
1666287724.829684	-386
1666287724.833922	-385
1666287724.838006	-383
1666287724.842181	-382
1666287724.846148	-380
1666287724.850604	-378
1666287724.854710	-377
1666287724.858706	-375
1666287724.863050	-374
1666287724.867102	-372
1666287724.871284	-370
1666287724.875634	-369
1666287724.879809	-367
1666287724.883986	-365
1666287724.888375	-364
1666287724.892450	-362
1666287724.896410	-360
1666287724.900801	-359
1666287724.904820	-357
1666287724.908994	-355
1666287724.913465	-354
1666287724.917587	-352
1666287724.921794	-350
1666287724.925868	-349
1666287724.930000	-347
1666287724.934204	-345
1666287724.938375	-343
1666287724.942636	-342
1666287724.946779	-340
1666287724.951014	-338
1666287724.955204	-337
1666287724.959457	-335
1666287724.963605	-333
1666287724.967731	-331
1666287724.971884	-330
1666287724.976102	-328
1666287724.980268	-326
1666287724.984412	-324
1666287724.988659	-323
1666287724.992813	-321
1666287724.997107	-319
1666287725.001259	-317
1666287725.005560	-315
1666287725.009602	-314
1666287725.013884	-312
1666287725.018015	-310
1666287725.022226	-308
1666287725.026472	-307
1666287725.030616	-305
1666287725.034707	-303
1666287725.039001	-301
1666287725.043166	-299
1666287725.047439	-298
1666287725.051548	-296
1666287725.055680	-294
1666287725.060101	-292
1666287725.064350	-290
1666287725.068370	-289
1666287725.072518	-287
1666287725.076772	-285
1666287725.080977	-283
1666287725.085095	-281
1666287725.089445	-279
1666287725.093419	-278
1666287725.097902	-276
1666287725.101768	-274
1666287725.106025	-272
1666287725.110313	-270
1666287725.114349	-269
1666287725.118471	-267
1666287725.122654	-265
1666287725.126959	-263
1666287725.131130	-261
1666287725.135166	-260
1666287725.139328	-258
1666287725.143466	-256
1666287725.147731	-254
1666287725.151741	-252
1666287725.156041	-251
1666287725.160228	-249
1666287725.164235	-247
1666287725.168365	-245
1666287725.172683	-243
1666287725.176594	-242
1666287725.180789	-240
1666287725.184958	-238
1666287725.189123	-236
1666287725.193217	-234
1666287725.197545	-232
1666287725.201517	-231
1666287725.205920	-229
1666287725.210084	-227
1666287725.214120	-225
1666287725.218268	-223
1666287725.222637	-222
1666287725.226804	-220
1666287725.230895	-218
1666287725.234913	-216
1666287725.239084	-214
1666287725.243232	-213
1666287725.247604	-211
1666287725.251647	-209
1666287725.255923	-207
1666287725.259987	-205
1666287725.264105	-204
1666287725.268308	-202
1666287725.272706	-200
1666287725.276871	-198
1666287725.280934	-196
1666287725.285031	-195
1666287725.289206	-193
1666287725.293568	-191
1666287725.297737	-189
1666287725.301704	-188
1666287725.305888	-186
1666287725.310327	-184
1666287725.314282	-182
1666287725.318388	-180
1666287725.322786	-179
1666287725.326832	-177
1666287725.330878	-175
1666287725.335188	-173
1666287725.339612	-172
1666287725.343812	-170
1666287725.347894	-168
1666287725.352040	-166
1666287725.356107	-165
1666287725.360199	-163
1666287725.364473	-161
1666287725.368476	-160
1666287725.372657	-158
1666287725.376902	-156
1666287725.381020	-154
1666287725.385183	-153
1666287725.389505	-151
1666287725.393528	-149
1666287725.397840	-148
1666287725.401845	-146
1666287725.406024	-144
1666287725.410330	-143
1666287725.414526	-141
1666287725.418561	-139
1666287725.422971	-138
1666287725.427099	-136
1666287725.431281	-134
1666287725.435351	-133
1666287725.439445	-131
1666287725.443570	-129
1666287725.447941	-128
1666287725.452053	-126
1666287725.456352	-124
1666287725.460468	-123
1666287725.464482	-121
1666287725.468534	-120
1666287725.472758	-118
1666287725.476893	-116
1666287725.481357	-115
1666287725.485456	-113
1666287725.489469	-112
1666287725.493558	-110
1666287725.497998	-109
1666287725.502215	-107
1666287725.506318	-106
1666287725.510348	-104
1666287725.514499	-103
1666287725.518699	-101
1666287725.523026	-99
1666287725.527206	-98
1666287725.531315	-96
1666287725.535291	-95
1666287725.539398	-94
1666287725.543518	-92
1666287725.547847	-91
1666287725.551989	-89
1666287725.555945	-88
1666287725.560275	-86
1666287725.564237	-85
1666287725.568349	-83
1666287725.572720	-82
1666287725.576867	-81
1666287725.581050	-79
1666287725.585104	-78
1666287725.589152	-76
1666287725.593112	-75
1666287725.597289	-74
1666287725.601505	-72
1666287725.605609	-71
1666287725.609890	-69
1666287725.613954	-68
1666287725.617977	-67
1666287725.622150	-65
1666287725.626447	-64
1666287725.630604	-63
1666287725.634494	-61
1666287725.638845	-60
1666287725.642958	-59
1666287725.646925	-57
1666287725.651117	-56
1666287725.655321	-55
1666287725.659453	-53
1666287725.663609	-52
1666287725.667783	-51
1666287725.671787	-49
1666287725.675957	-48
1666287725.680191	-47
1666287725.684202	-45
1666287725.688294	-44
1666287725.692593	-43
1666287725.696710	-41
1666287725.700786	-40
1666287725.704842	-39
1666287725.708993	-38
1666287725.713380	-36
1666287725.717423	-35
1666287725.721564	-34
1666287725.725724	-33
1666287725.729741	-31
1666287725.733866	-30
1666287725.737990	-29
1666287725.742097	-27
1666287725.746206	-26
1666287725.750567	-25
1666287725.754651	-24
1666287725.758649	-22
1666287725.762893	-21
1666287725.767137	-20
1666287725.771240	-19
1666287725.775402	-17
1666287725.779510	-16
1666287725.783604	-15
1666287725.787598	-14
1666287725.791768	-12
1666287725.795943	-11
1666287725.800210	-10
1666287725.804274	-9
1666287725.808352	-7
1666287725.812429	-6
1666287725.816483	-5
1666287725.820482	-4
1666287725.824613	-2
1666287725.828869	-1
1666287725.832824	0
1666287725.837147	0
1666287725.838858	0
1666287725.841062	0
1666287725.845082	0
1666287725.847130	0
1666287725.860860	-1
1666287725.865201	-2
1666287725.868994	-3
1666287725.873168	-4
1666287725.877275	-5
1666287725.881288	-7
1666287725.885329	-8
1666287725.889732	-9
1666287725.893573	-10
1666287725.897712	-12
1666287725.901846	-13
1666287725.906005	-14
1666287725.910087	-15
1666287725.914234	-17
1666287725.918377	-18
1666287725.922885	-19
1666287725.926989	-20
1666287725.931216	-22
1666287725.935252	-23
1666287725.939139	-24
1666287725.943293	-25
1666287725.947393	-27
1666287725.951694	-28
1666287725.955858	-29
1666287725.959964	-30
1666287725.964106	-32
1666287725.968100	-33
1666287725.972341	-34
1666287725.976527	-36
1666287725.980667	-37
1666287725.984899	-38
1666287725.989020	-39
1666287725.993038	-41
1666287725.997107	-42
1666287726.001258	-43
1666287726.005592	-45
1666287726.009753	-46
1666287726.013905	-47
1666287726.018001	-48
1666287726.021983	-50
1666287726.026426	-51
1666287726.030288	-52
1666287726.034598	-54
1666287726.038701	-55
1666287726.042864	-56
1666287726.047039	-58
1666287726.051091	-59
1666287726.055281	-60
1666287726.059216	-62
1666287726.063541	-63
1666287726.067674	-64
1666287726.071791	-66
1666287726.075800	-67
1666287726.079945	-68
1666287726.084027	-70
1666287726.088317	-71
1666287726.092464	-73
1666287726.096637	-74
1666287726.100681	-75
1666287726.104940	-77
1666287726.109087	-78
1666287726.113120	-80
1666287726.117240	-81
1666287726.121437	-82
1666287726.125602	-84
1666287726.129668	-85
1666287726.133722	-87
1666287726.137856	-88
1666287726.142138	-90
1666287726.146352	-91
1666287726.150295	-92
1666287726.154528	-94
1666287726.158576	-95
1666287726.162962	-97
1666287726.166991	-98
1666287726.171178	-100
1666287726.175339	-101
1666287726.179506	-103
1666287726.183545	-104
1666287726.187951	-106
1666287726.192082	-107
1666287726.196341	-109
1666287726.200457	-111
1666287726.204466	-112
1666287726.208775	-114
1666287726.212997	-115
1666287726.217153	-117
1666287726.221302	-118
1666287726.225432	-120
1666287726.229530	-122
1666287726.233916	-123
1666287726.238099	-125
1666287726.242243	-126
1666287726.246474	-128
1666287726.250454	-130
1666287726.254615	-131
1666287726.258770	-133
1666287726.262928	-135
1666287726.267148	-136
1666287726.271388	-138
1666287726.275445	-140
1666287726.279752	-141
1666287726.283891	-143
1666287726.288061	-145
1666287726.292189	-146
1666287726.296441	-148
1666287726.300515	-150
1666287726.304801	-151
1666287726.308976	-153
1666287726.312929	-155
1666287726.317083	-156
1666287726.321321	-158
1666287726.325698	-160
1666287726.329872	-162
1666287726.334030	-163
1666287726.337977	-165
1666287726.342314	-167
1666287726.346391	-168
1666287726.350756	-170
1666287726.354931	-172
1666287726.359025	-174
1666287726.363099	-175
1666287726.367475	-177
1666287726.371617	-179
1666287726.375624	-181
1666287726.379973	-183
1666287726.384011	-184
1666287726.388120	-186
1666287726.392316	-188
1666287726.396697	-190
1666287726.400655	-191
1666287726.404901	-193
1666287726.409012	-195
1666287726.413231	-197
1666287726.417511	-199
1666287726.421611	-200
1666287726.425815	-202
1666287726.429954	-204
1666287726.434237	-206
1666287726.438434	-208
1666287726.442609	-209
1666287726.446719	-211
1666287726.450826	-213
1666287726.454994	-215
1666287726.459282	-217
1666287726.463458	-218
1666287726.467618	-220
1666287726.471713	-222
1666287726.475837	-224
1666287726.480194	-226
1666287726.484363	-227
1666287726.488518	-229
1666287726.492642	-231
1666287726.496663	-233
1666287726.500851	-235
1666287726.505143	-236
1666287726.509327	-238
1666287726.513493	-240
1666287726.517633	-242
1666287726.521766	-244
1666287726.525757	-245
1666287726.529977	-247
1666287726.534066	-249
1666287726.538243	-251
1666287726.542439	-253
1666287726.546465	-254
1666287726.550715	-256
1666287726.554921	-258
1666287726.559024	-260
1666287726.563215	-262
1666287726.567374	-263
1666287726.571436	-265
1666287726.575751	-267
1666287726.579882	-269
1666287726.584022	-271
1666287726.588112	-273
1666287726.592400	-274
1666287726.596633	-276
1666287726.600814	-278
1666287726.604955	-280
1666287726.609107	-282
1666287726.613245	-283
1666287726.617544	-285
1666287726.621738	-287
1666287726.625929	-289
1666287726.630034	-291
1666287726.634120	-292
1666287726.638521	-294
1666287726.642669	-296
1666287726.646890	-298
1666287726.650956	-300
1666287726.655292	-301
1666287726.659321	-303
1666287726.663498	-305
1666287726.667886	-307
1666287726.672035	-309
1666287726.676203	-310
1666287726.680329	-312
1666287726.684461	-314
1666287726.688642	-316
1666287726.693010	-318
1666287726.697170	-319
1666287726.701204	-321
1666287726.705415	-323
1666287726.709791	-325
1666287726.714076	-326
1666287726.718107	-328
1666287726.722224	-330
1666287726.726581	-332
1666287726.730729	-333
1666287726.735055	-335
1666287726.739226	-337
1666287726.743187	-339
1666287726.747303	-340
1666287726.751556	-342
1666287726.755752	-344
1666287726.759917	-345
1666287726.763988	-347
1666287726.768345	-349
1666287726.772521	-351
1666287726.776545	-352
1666287726.780897	-354
1666287726.784941	-356
1666287726.789140	-357
1666287726.793497	-359
1666287726.797694	-361
1666287726.801820	-362
1666287726.805840	-364
1666287726.810273	-366
1666287726.814385	-367
1666287726.818573	-369
1666287726.822755	-371
1666287726.826781	-372
1666287726.830936	-374
1666287726.835314	-376
1666287726.839527	-377
1666287726.843702	-379
1666287726.847798	-380
1666287726.851899	-382
1666287726.856091	-384
1666287726.860244	-385
1666287726.864489	-387
1666287726.868648	-388
1666287726.872803	-390
1666287726.877039	-391
1666287726.881221	-393
1666287726.885351	-394
1666287726.889570	-396
1666287726.893737	-398
1666287726.897933	-399
1666287726.902086	-401
1666287726.906361	-402
1666287726.910581	-404
1666287726.914707	-405
1666287726.918914	-407
1666287726.923123	-408
1666287726.927275	-410
1666287726.931460	-411
1666287726.935640	-412
1666287726.939802	-414
1666287726.944080	-415
1666287726.948371	-417
1666287726.952411	-418
1666287726.956775	-420
1666287726.960800	-421
1666287726.965123	-423
1666287726.969100	-424
1666287726.973385	-425
1666287726.977698	-427
1666287726.981858	-428
1666287726.986005	-430
1666287726.990184	-431
1666287726.994198	-432
1666287726.998429	-434
1666287727.002598	-435
1666287727.006934	-436
1666287727.011150	-438
1666287727.015247	-439
1666287727.019336	-441
1666287727.023516	-442
1666287727.027906	-443
1666287727.032101	-445
1666287727.036288	-446
1666287727.040250	-447
1666287727.044429	-449
1666287727.048803	-450
1666287727.053016	-451
1666287727.057148	-453
1666287727.061177	-454
1666287727.065553	-455
1666287727.069837	-457
1666287727.073953	-458
1666287727.078110	-459
1666287727.082142	-460
1666287727.086602	-462
1666287727.090708	-463
1666287727.094906	-464
1666287727.099080	-466
1666287727.103088	-467
1666287727.107446	-468
1666287727.111614	-470
1666287727.115842	-471
1666287727.120070	-472
1666287727.124114	-473
1666287727.128347	-475
1666287727.132708	-476
1666287727.136787	-477
1666287727.140964	-478
1666287727.144984	-480
1666287727.149278	-481
1666287727.153656	-482
1666287727.157709	-484
1666287727.161896	-485
1666287727.165857	-486
1666287727.170043	-487
1666287727.174198	-489
1666287727.178396	-490
1666287727.182633	-491
1666287727.186780	-492
1666287727.190963	-494
1666287727.195122	-495
1666287727.199631	-496
1666287727.203534	-497
1666287727.207737	-499
1666287727.211877	-500
1666287727.216339	-500
1666287727.218367	-500
1666287727.232344	-499
1666287727.236292	-498
1666287727.240378	-497
1666287727.244575	-496
1666287727.248738	-494
1666287727.252893	-493
1666287727.257106	-492
1666287727.261412	-491
1666287727.265558	-489
1666287727.269633	-488
1666287727.273870	-487
1666287727.278244	-486
1666287727.282367	-484
1666287727.286414	-483
1666287727.290587	-482
1666287727.294784	-481
1666287727.299074	-479
1666287727.303251	-478
1666287727.307453	-477
1666287727.311542	-475
1666287727.315735	-474
1666287727.319970	-473
1666287727.324200	-472
1666287727.328374	-470
1666287727.332437	-469
1666287727.336648	-468
1666287727.340872	-467
1666287727.345231	-465
1666287727.349368	-464
1666287727.353423	-463
1666287727.357913	-461
1666287727.361999	-460
1666287727.366274	-459
1666287727.370202	-457
1666287727.374412	-456
1666287727.378678	-455
1666287727.382900	-453
1666287727.386997	-452
1666287727.391202	-451
1666287727.395360	-450
1666287727.399648	-448
1666287727.403768	-447
1666287727.407949	-446
1666287727.412276	-444
1666287727.416497	-443
1666287727.420607	-441
1666287727.424691	-440
1666287727.429018	-439
1666287727.433084	-437
1666287727.437273	-436
1666287727.441455	-435
1666287727.445720	-433
1666287727.449934	-432
1666287727.454074	-431
1666287727.458175	-429
1666287727.462549	-428
1666287727.466646	-426
1666287727.470887	-425
1666287727.474973	-424
1666287727.479131	-422
1666287727.483379	-421
1666287727.487637	-419
1666287727.491729	-418
1666287727.495904	-416
1666287727.500163	-415
1666287727.504334	-414
1666287727.508534	-412
1666287727.512725	-411
1666287727.516867	-409
1666287727.521113	-408
1666287727.525328	-406
1666287727.529538	-405
1666287727.533673	-403
1666287727.537777	-402
1666287727.542021	-400
1666287727.546223	-399
1666287727.550426	-397
1666287727.554623	-396
1666287727.558771	-394
1666287727.563032	-393
1666287727.567153	-391
1666287727.571312	-390
1666287727.575572	-388
1666287727.579883	-386
1666287727.583955	-385
1666287727.588170	-383
1666287727.592408	-382
1666287727.596564	-380
1666287727.600666	-378
1666287727.604842	-377
1666287727.609098	-375
1666287727.613341	-374
1666287727.617480	-372
1666287727.621614	-370
1666287727.625874	-369
1666287727.630023	-367
1666287727.634176	-365
1666287727.638340	-364
1666287727.642592	-362
1666287727.646846	-360
1666287727.651138	-359
1666287727.655160	-357
1666287727.659437	-355
1666287727.663509	-354
1666287727.667800	-352
1666287727.671893	-350
1666287727.676202	-349
1666287727.680349	-347
1666287727.684428	-345
1666287727.688655	-343
1666287727.692972	-342
1666287727.697172	-340
1666287727.701347	-338
1666287727.705442	-337
1666287727.709527	-335
1666287727.713783	-333
1666287727.717974	-331
1666287727.722117	-330
1666287727.726475	-328
1666287727.730548	-326
1666287727.734720	-324
1666287727.739042	-323
1666287727.743102	-321
1666287727.747222	-319
1666287727.751467	-317
1666287727.755664	-315
1666287727.759985	-314
1666287727.764248	-312
1666287727.768246	-310
1666287727.772490	-308
1666287727.776797	-307
1666287727.780823	-305
1666287727.785107	-303
1666287727.789161	-301
1666287727.793410	-299
1666287727.797707	-298
1666287727.801967	-296
1666287727.806096	-294
1666287727.810162	-292
1666287727.814409	-290
1666287727.818713	-289
1666287727.822912	-287
1666287727.827047	-285
1666287727.831118	-283
1666287727.835477	-281
1666287727.839630	-279
1666287727.843691	-278
1666287727.847977	-276
1666287727.852103	-274
1666287727.856283	-272
1666287727.860674	-270
1666287727.864919	-269
1666287727.869170	-267
1666287727.872953	-265
1666287727.877250	-263
1666287727.881418	-261
1666287727.885618	-260
1666287727.889757	-258
1666287727.893837	-256
1666287727.898009	-254
1666287727.902169	-252
1666287727.906261	-251
1666287727.910384	-249
1666287727.914738	-247
1666287727.918835	-245
1666287727.922836	-243
1666287727.926995	-242
1666287727.931087	-240
1666287727.935397	-238
1666287727.939520	-236
1666287727.943651	-234
1666287727.947698	-232
1666287727.951914	-231
1666287727.956077	-229
1666287727.960216	-227
1666287727.964510	-225
1666287727.968691	-223
1666287727.972711	-222
1666287727.976872	-220
1666287727.981070	-218
1666287727.985333	-216
1666287727.989516	-214
1666287727.993632	-213
1666287727.997734	-211
1666287728.001904	-209
1666287728.006240	-207
1666287728.010435	-205
1666287728.014575	-204
1666287728.018612	-202
1666287728.022800	-200
1666287728.027123	-198
1666287728.031307	-196
1666287728.035504	-195
1666287728.039488	-193
1666287728.043608	-191
1666287728.047974	-189
1666287728.052164	-188
1666287728.056336	-186
1666287728.060467	-184
1666287728.064533	-182
1666287728.068731	-180
1666287728.073016	-179
1666287728.077242	-177
1666287728.081376	-175
1666287728.085420	-173
1666287728.089573	-172
1666287728.093993	-170
1666287728.098066	-168
1666287728.102248	-166
1666287728.106336	-165
1666287728.110450	-163
1666287728.114658	-161
1666287728.118941	-160
1666287728.123108	-158
1666287728.127257	-156
1666287728.131274	-154
1666287728.135718	-153
1666287728.139653	-151
1666287728.143978	-149
1666287728.148099	-148
1666287728.152201	-146
1666287728.156315	-144
1666287728.160634	-143
1666287728.164782	-141
1666287728.168977	-139
1666287728.172986	-138
1666287728.177123	-136
1666287728.181341	-134
1666287728.185653	-133
1666287728.189822	-131
1666287728.193992	-129
1666287728.198061	-128
1666287728.202187	-126
1666287728.206488	-124
1666287728.210695	-123
1666287728.214850	-121
1666287728.218965	-120
1666287728.223011	-118
1666287728.227296	-116
1666287728.231515	-115
1666287728.235721	-113
1666287728.239924	-112
1666287728.243958	-110
1666287728.248058	-109
1666287728.252474	-107
1666287728.256617	-106
1666287728.260805	-104
1666287728.264899	-103
1666287728.268940	-101
1666287728.273081	-99
1666287728.277438	-98
1666287728.281653	-96
1666287728.285738	-95
1666287728.289861	-94
1666287728.293854	-92
1666287728.297852	-91
1666287728.302122	-89
1666287728.306308	-88
1666287728.310584	-86
1666287728.314674	-85
1666287728.318784	-83
1666287728.322804	-82
1666287728.327275	-81
1666287728.331152	-79
1666287728.335462	-78
1666287728.339527	-76
1666287728.343661	-75
1666287728.347749	-74
1666287728.351739	-72
1666287728.356017	-71
1666287728.360210	-69
1666287728.364454	-68
1666287728.368519	-67
1666287728.372655	-65
1666287728.376687	-64
1666287728.380695	-63
1666287728.384865	-61
1666287728.389176	-60
1666287728.393313	-59
1666287728.397520	-57
1666287728.401391	-56
1666287728.405544	-55
1666287728.409661	-53
1666287728.413848	-52
1666287728.417928	-51
1666287728.422072	-49
1666287728.426243	-48
1666287728.430419	-47
1666287728.434461	-45
1666287728.438532	-44
1666287728.442842	-43
1666287728.447000	-42
1666287728.451153	-40
1666287728.455521	-39
1666287728.459571	-38
1666287728.463440	-36
1666287728.467571	-35
1666287728.471694	-34
1666287728.475998	-33
1666287728.480171	-31
1666287728.484282	-30
1666287728.488347	-29
1666287728.492357	-27
1666287728.496481	-26
1666287728.500599	-25
1666287728.504683	-24
1666287728.509068	-22
1666287728.513424	-21
1666287728.517231	-20
1666287728.521389	-19
1666287728.525444	-17
1666287728.529879	-16
1666287728.533863	-15
1666287728.538028	-14
1666287728.542150	-12
1666287728.546178	-11
1666287728.550299	-10
1666287728.554397	-9
1666287728.558690	-7
1666287728.562612	-6
1666287728.566875	-5
1666287728.570992	-4
1666287728.575086	-2
1666287728.579116	-1
1666287728.583105	0
1666287728.587263	0
1666287728.589598	0
