## Values
## High Speed = 500
## Low Speed = 300
## Acceleration = 900
## Deceleration = 300
## Position = 0
## Idle Time = 1
## Accel/Decel profile = Sinusoidal
## Dwell time = 0.0
## Length = 500
## Cycles = 3


1666287732.354988	0
1666287732.359161	0
1666287732.361222	0
1666287732.374978	0
1666287732.379051	-2
1666287732.383105	-3
1666287732.387291	-4
1666287732.391465	-5
1666287732.395385	-7
1666287732.399558	-8
1666287732.403623	-9
1666287732.407839	-10
1666287732.411852	-12
1666287732.415911	-13
1666287732.420113	-14
1666287732.424335	-15
1666287732.428302	-17
1666287732.432575	-18
1666287732.436623	-19
1666287732.440811	-20
1666287732.444901	-22
1666287732.449138	-23
1666287732.453284	-24
1666287732.457380	-25
1666287732.461572	-27
1666287732.465611	-28
1666287732.469758	-29
1666287732.473911	-30
1666287732.478189	-32
1666287732.482372	-33
1666287732.486531	-34
1666287732.490479	-35
1666287732.494620	-37
1666287732.498809	-38
1666287732.503139	-39
1666287732.507154	-41
1666287732.511465	-42
1666287732.515501	-43
1666287732.519566	-44
1666287732.523687	-46
1666287732.527982	-47
1666287732.532169	-48
1666287732.536244	-50
1666287732.540303	-51
1666287732.544401	-52
1666287732.548554	-53
1666287732.552739	-55
1666287732.556792	-56
1666287732.561185	-57
1666287732.565248	-59
1666287732.569350	-60
1666287732.573394	-61
1666287732.577763	-63
1666287732.581804	-64
1666287732.585977	-65
1666287732.589911	-67
1666287732.594239	-68
1666287732.598264	-69
1666287732.602350	-71
1666287732.606462	-72
1666287732.610830	-73
1666287732.614950	-75
1666287732.619050	-76
1666287732.623019	-77
1666287732.627223	-79
1666287732.631330	-80
1666287732.635441	-82
1666287732.639586	-83
1666287732.643754	-84
1666287732.647868	-86
1666287732.652098	-87
1666287732.656316	-88
1666287732.660412	-90
1666287732.664456	-91
1666287732.668612	-93
1666287732.672786	-94
1666287732.676869	-96
1666287732.681167	-97
1666287732.685174	-98
1666287732.689247	-100
1666287732.693480	-101
1666287732.697744	-103
1666287732.701939	-104
1666287732.706130	-106
1666287732.710255	-107
1666287732.714546	-109
1666287732.718668	-110
1666287732.722866	-112
1666287732.726882	-113
1666287732.731124	-115
1666287732.735427	-116
1666287732.739596	-118
1666287732.743630	-119
1666287732.747766	-121
1666287732.752067	-122
1666287732.756242	-124
1666287732.760282	-125
1666287732.764739	-127
1666287732.768649	-129
1666287732.772798	-130
1666287732.776991	-132
1666287732.781251	-133
1666287732.785491	-135
1666287732.789669	-136
1666287732.793772	-138
1666287732.798024	-140
1666287732.802167	-141
1666287732.806258	-143
1666287732.810399	-144
1666287732.814590	-146
1666287732.818707	-148
1666287732.823069	-149
1666287732.827044	-151
1666287732.831391	-152
1666287732.835497	-154
1666287732.839608	-156
1666287732.843749	-157
1666287732.847986	-159
1666287732.852207	-161
1666287732.856415	-162
1666287732.860454	-164
1666287732.864800	-165
1666287732.868937	-167
1666287732.873063	-169
1666287732.877237	-170
1666287732.881409	-172
1666287732.885544	-174
1666287732.889804	-175
1666287732.893912	-177
1666287732.898061	-179
1666287732.902402	-180
1666287732.906465	-182
1666287732.910600	-184
1666287732.914923	-185
1666287732.919029	-187
1666287732.923150	-189
1666287732.927239	-191
1666287732.931579	-192
1666287732.935742	-194
1666287732.939841	-196
1666287732.943986	-197
1666287732.948335	-199
1666287732.952428	-201
1666287732.956502	-202
1666287732.960638	-204
1666287732.964920	-206
1666287732.969139	-208
1666287732.973211	-209
1666287732.977365	-211
1666287732.981721	-213
1666287732.985819	-214
1666287732.989867	-216
1666287732.994057	-218
1666287732.998262	-220
1666287733.002554	-221
1666287733.006552	-223
1666287733.010841	-225
1666287733.015013	-226
1666287733.019235	-228
1666287733.023314	-230
1666287733.027498	-232
1666287733.031710	-233
1666287733.035932	-235
1666287733.040029	-237
1666287733.044232	-238
1666287733.048515	-240
1666287733.052607	-242
1666287733.056651	-244
1666287733.060794	-245
1666287733.065057	-247
1666287733.069181	-249
1666287733.073302	-251
1666287733.077490	-252
1666287733.081784	-254
1666287733.085914	-256
1666287733.090058	-257
1666287733.094197	-259
1666287733.098501	-261
1666287733.102663	-263
1666287733.106659	-264
1666287733.110917	-266
1666287733.115179	-268
1666287733.119338	-269
1666287733.123418	-271
1666287733.127649	-273
1666287733.131906	-275
1666287733.136105	-276
1666287733.140178	-278
1666287733.144447	-280
1666287733.148804	-282
1666287733.152824	-283
1666287733.156934	-285
1666287733.161153	-287
1666287733.165442	-288
1666287733.169637	-290
1666287733.173770	-292
1666287733.177912	-294
1666287733.182147	-295
1666287733.186298	-297
1666287733.190439	-299
1666287733.194718	-300
1666287733.198965	-302
1666287733.203099	-304
1666287733.207295	-306
1666287733.211486	-307
1666287733.215621	-309
1666287733.219864	-311
1666287733.224073	-312
1666287733.228238	-314
1666287733.232503	-316
1666287733.236550	-317
1666287733.240797	-319
1666287733.244988	-321
1666287733.249204	-322
1666287733.253373	-324
1666287733.257633	-326
1666287733.261834	-327
1666287733.265944	-329
1666287733.270143	-331
1666287733.274367	-332
1666287733.278624	-334
1666287733.282832	-336
1666287733.286952	-337
1666287733.291132	-339
1666287733.295455	-341
1666287733.299376	-342
1666287733.303546	-344
1666287733.307853	-346
1666287733.312135	-347
1666287733.316199	-349
1666287733.320324	-351
1666287733.324625	-352
1666287733.328839	-354
1666287733.332956	-355
1666287733.337139	-357
1666287733.341262	-359
1666287733.345533	-360
1666287733.349642	-362
1666287733.353816	-363
1666287733.357941	-365
1666287733.362201	-367
1666287733.366280	-368
1666287733.370572	-370
1666287733.374698	-371
1666287733.378976	-373
1666287733.383131	-374
1666287733.387176	-376
1666287733.391441	-377
1666287733.395648	-379
1666287733.399867	-381
1666287733.404043	-382
1666287733.408185	-384
1666287733.412497	-385
1666287733.416667	-387
1666287733.420841	-388
1666287733.424948	-390
1666287733.429259	-391
1666287733.433503	-393
1666287733.437469	-394
1666287733.441702	-396
1666287733.445892	-397
1666287733.450058	-399
1666287733.454307	-400
1666287733.458647	-402
1666287733.462740	-403
1666287733.466954	-404
1666287733.471018	-406
1666287733.475419	-407
1666287733.479521	-409
1666287733.483731	-410
1666287733.488047	-412
1666287733.492051	-413
1666287733.496214	-414
1666287733.500304	-416
1666287733.504606	-417
1666287733.508611	-419
1666287733.512848	-420
1666287733.517137	-421
1666287733.521187	-423
1666287733.525425	-424
1666287733.529723	-426
1666287733.533732	-427
1666287733.537913	-428
1666287733.542232	-430
1666287733.546421	-431
1666287733.550690	-432
1666287733.554693	-434
1666287733.558862	-435
1666287733.563348	-436
1666287733.567403	-438
1666287733.571625	-439
1666287733.575674	-440
1666287733.579803	-442
1666287733.583942	-443
1666287733.588181	-444
1666287733.592560	-446
1666287733.596633	-447
1666287733.600752	-448
1666287733.605148	-450
1666287733.609331	-451
1666287733.613482	-452
1666287733.617577	-454
1666287733.621622	-455
1666287733.625846	-456
1666287733.630068	-458
1666287733.634321	-459
1666287733.638474	-460
1666287733.642762	-461
1666287733.646932	-463
1666287733.650985	-464
1666287733.655311	-465
1666287733.659421	-467
1666287733.663628	-468
1666287733.667777	-469
1666287733.671948	-470
1666287733.676151	-472
1666287733.680343	-473
1666287733.684486	-474
1666287733.688651	-475
1666287733.692935	-477
1666287733.697108	-478
1666287733.701260	-479
1666287733.705484	-481
1666287733.709711	-482
1666287733.713895	-483
1666287733.718141	-484
1666287733.722076	-486
1666287733.726361	-487
1666287733.730549	-488
1666287733.734698	-489
1666287733.738875	-491
1666287733.743038	-492
1666287733.747369	-493
1666287733.751500	-494
1666287733.755680	-496
1666287733.759834	-497
1666287733.763992	-498
1666287733.768123	-499
1666287733.772474	-500
1666287733.774646	-500
1666287733.788458	-499
1666287733.792458	-498
1666287733.796759	-497
1666287733.800888	-496
1666287733.805034	-494
1666287733.809132	-493
1666287733.813463	-492
1666287733.817643	-491
1666287733.821859	-489
1666287733.825862	-488
1666287733.830080	-487
1666287733.834294	-486
1666287733.838440	-484
1666287733.842866	-483
1666287733.846943	-482
1666287733.850995	-481
1666287733.855285	-479
1666287733.859529	-478
1666287733.863765	-477
1666287733.867803	-475
1666287733.872197	-474
1666287733.876363	-473
1666287733.881043	-472
1666287733.884598	-470
1666287733.888963	-469
1666287733.892971	-468
1666287733.897233	-467
1666287733.901295	-465
1666287733.905464	-464
1666287733.909685	-463
1666287733.913992	-461
1666287733.918112	-460
1666287733.922205	-459
1666287733.926627	-458
1666287733.930667	-456
1666287733.934870	-455
1666287733.939212	-454
1666287733.943389	-452
1666287733.947505	-451
1666287733.951607	-450
1666287733.955767	-448
1666287733.960043	-447
1666287733.964106	-446
1666287733.968448	-444
1666287733.972547	-443
1666287733.976781	-442
1666287733.981153	-440
1666287733.985281	-439
1666287733.989628	-438
1666287733.993549	-436
1666287733.997660	-435
1666287734.001903	-434
1666287734.006216	-432
1666287734.010195	-431
1666287734.014455	-430
1666287734.018599	-428
1666287734.022725	-427
1666287734.026982	-426
1666287734.031242	-424
1666287734.035410	-423
1666287734.039514	-421
1666287734.043884	-420
1666287734.048034	-419
1666287734.052218	-417
1666287734.056358	-416
1666287734.060485	-414
1666287734.064935	-413
1666287734.069054	-412
1666287734.073033	-410
1666287734.077222	-409
1666287734.081385	-407
1666287734.085579	-406
1666287734.089949	-404
1666287734.094160	-403
1666287734.098242	-402
1666287734.102479	-400
1666287734.106717	-399
1666287734.111022	-397
1666287734.115090	-396
1666287734.119208	-394
1666287734.123321	-393
1666287734.127536	-391
1666287734.131915	-390
1666287734.136077	-388
1666287734.140169	-387
1666287734.144300	-385
1666287734.148463	-384
1666287734.152913	-382
1666287734.157074	-381
1666287734.161094	-379
1666287734.165238	-378
1666287734.169638	-376
1666287734.173873	-374
1666287734.178046	-373
1666287734.182043	-371
1666287734.186217	-370
1666287734.190554	-368
1666287734.194746	-367
1666287734.198944	-365
1666287734.203045	-363
1666287734.207356	-362
1666287734.211451	-360
1666287734.215752	-359
1666287734.219916	-357
1666287734.223959	-355
1666287734.228094	-354
1666287734.232459	-352
1666287734.236635	-351
1666287734.240838	-349
1666287734.244901	-347
1666287734.249163	-346
1666287734.253239	-344
1666287734.257546	-343
1666287734.261792	-341
1666287734.265851	-339
1666287734.270047	-338
1666287734.274153	-336
1666287734.278389	-334
1666287734.282773	-333
1666287734.286824	-331
1666287734.290931	-329
1666287734.295345	-328
1666287734.299516	-326
1666287734.303697	-324
1666287734.307675	-323
1666287734.311798	-321
1666287734.316219	-319
1666287734.320419	-318
1666287734.324422	-316
1666287734.328663	-314
1666287734.332816	-312
1666287734.337024	-311
1666287734.341336	-309
1666287734.345394	-307
1666287734.349619	-306
1666287734.353892	-304
1666287734.358028	-302
1666287734.362352	-301
1666287734.366523	-299
1666287734.370564	-297
1666287734.374707	-295
1666287734.379230	-294
1666287734.383311	-292
1666287734.387485	-290
1666287734.391520	-289
1666287734.395729	-287
1666287734.400079	-285
1666287734.404188	-283
1666287734.408427	-282
1666287734.412455	-280
1666287734.416604	-278
1666287734.420882	-277
1666287734.425071	-275
1666287734.429251	-273
1666287734.433452	-271
1666287734.437640	-270
1666287734.441790	-268
1666287734.446035	-266
1666287734.450147	-264
1666287734.454333	-263
1666287734.458552	-261
1666287734.462743	-259
1666287734.467031	-258
1666287734.471269	-256
1666287734.475283	-254
1666287734.479379	-252
1666287734.483783	-251
1666287734.487886	-249
1666287734.492035	-247
1666287734.496187	-245
1666287734.500198	-244
1666287734.504377	-242
1666287734.508562	-240
1666287734.512910	-239
1666287734.517039	-237
1666287734.521122	-235
1666287734.525154	-233
1666287734.529547	-232
1666287734.533724	-230
1666287734.537873	-228
1666287734.542053	-227
1666287734.546055	-225
1666287734.550363	-223
1666287734.554672	-221
1666287734.558630	-220
1666287734.562933	-218
1666287734.566957	-216
1666287734.571077	-215
1666287734.575303	-213
1666287734.579607	-211
1666287734.583786	-209
1666287734.587906	-208
1666287734.592043	-206
1666287734.596202	-204
1666287734.600435	-203
1666287734.604595	-201
1666287734.608706	-199
1666287734.612861	-197
1666287734.617118	-196
1666287734.621314	-194
1666287734.625290	-192
1666287734.629522	-191
1666287734.633711	-189
1666287734.637795	-187
1666287734.642172	-186
1666287734.646250	-184
1666287734.650424	-182
1666287734.654533	-181
1666287734.658723	-179
1666287734.663027	-177
1666287734.667242	-176
1666287734.671360	-174
1666287734.675356	-172
1666287734.679656	-171
1666287734.683758	-169
1666287734.687917	-167
1666287734.692154	-166
1666287734.696246	-164
1666287734.700557	-162
1666287734.704597	-161
1666287734.708765	-159
1666287734.713128	-157
1666287734.717235	-156
1666287734.721406	-154
1666287734.725547	-152
1666287734.729578	-151
1666287734.733797	-149
1666287734.738210	-148
1666287734.742339	-146
1666287734.746453	-144
1666287734.750578	-143
1666287734.754658	-141
1666287734.758743	-140
1666287734.763220	-138
1666287734.767398	-136
1666287734.771398	-135
1666287734.775644	-133
1666287734.779685	-132
1666287734.784008	-130
1666287734.788219	-129
1666287734.792274	-127
1666287734.796367	-126
1666287734.800498	-124
1666287734.804663	-122
1666287734.809029	-121
1666287734.813180	-119
1666287734.817345	-118
1666287734.821395	-116
1666287734.825586	-115
1666287734.829922	-113
1666287734.834078	-112
1666287734.838239	-110
1666287734.842223	-109
1666287734.846490	-107
1666287734.850587	-106
1666287734.854906	-104
1666287734.858949	-103
1666287734.863166	-101
1666287734.867293	-100
1666287734.871488	-98
1666287734.875563	-97
1666287734.879864	-96
1666287734.883864	-94
1666287734.888093	-93
1666287734.892116	-91
1666287734.896226	-90
1666287734.900404	-89
1666287734.904522	-87
1666287734.908644	-86
1666287734.912773	-84
1666287734.917026	-83
1666287734.921024	-82
1666287734.925212	-80
1666287734.929338	-79
1666287734.933650	-77
1666287734.937752	-76
1666287734.941917	-75
1666287734.945995	-73
1666287734.950041	-72
1666287734.954131	-71
1666287734.958311	-69
1666287734.962578	-68
1666287734.966539	-67
1666287734.970868	-65
1666287734.974776	-64
1666287734.978931	-63
1666287734.983059	-61
1666287734.987429	-60
1666287734.991405	-59
1666287734.995724	-57
1666287734.999884	-56
1666287735.003926	-55
1666287735.007872	-53
1666287735.012195	-52
1666287735.016323	-51
1666287735.020549	-50
1666287735.024451	-48
1666287735.028537	-47
1666287735.032760	-46
1666287735.036848	-44
1666287735.041028	-43
1666287735.045318	-42
1666287735.049453	-41
1666287735.053585	-39
1666287735.057697	-38
1666287735.061682	-37
1666287735.066070	-35
1666287735.070183	-34
1666287735.074295	-33
1666287735.078246	-32
1666287735.082322	-30
1666287735.086572	-29
1666287735.090659	-28
1666287735.094785	-27
1666287735.099055	-25
1666287735.103188	-24
1666287735.107360	-23
1666287735.111468	-22
1666287735.115486	-20
1666287735.119613	-19
1666287735.123739	-18
1666287735.127850	-17
1666287735.132160	-15
1666287735.136327	-14
1666287735.140435	-13
1666287735.144469	-12
1666287735.148577	-10
1666287735.152776	-9
1666287735.156890	-8
1666287735.160991	-7
1666287735.165140	-5
1666287735.169228	-4
1666287735.173350	-3
1666287735.177333	-2
1666287735.181333	0
1666287735.185511	0
1666287735.187439	0
1666287735.189431	0
1666287735.193699	0
1666287735.195798	0
1666287735.209418	-1
1666287735.213459	-2
1666287735.217671	-3
1666287735.221802	-4
1666287735.225699	-5
1666287735.229996	-7
1666287735.234055	-8
1666287735.238135	-9
1666287735.242102	-10
1666287735.246313	-12
1666287735.250346	-13
1666287735.254664	-14
1666287735.258654	-15
1666287735.262960	-17
1666287735.267101	-18
1666287735.271092	-19
1666287735.275260	-20
1666287735.279516	-22
1666287735.283731	-23
1666287735.287836	-24
1666287735.291843	-25
1666287735.296033	-27
1666287735.300123	-28
1666287735.304230	-29
1666287735.308483	-30
1666287735.312490	-32
1666287735.316859	-33
1666287735.320956	-34
1666287735.324860	-35
1666287735.329065	-37
1666287735.333182	-38
1666287735.337491	-39
1666287735.341493	-41
1666287735.345755	-42
1666287735.349886	-43
1666287735.353891	-44
1666287735.358022	-46
1666287735.362377	-47
1666287735.366467	-48
1666287735.370618	-50
1666287735.374756	-51
1666287735.378818	-52
1666287735.382884	-53
1666287735.387244	-55
1666287735.391316	-56
1666287735.395495	-57
1666287735.399656	-59
1666287735.403791	-60
1666287735.407763	-61
1666287735.411921	-63
1666287735.416210	-64
1666287735.420353	-65
1666287735.424502	-67
1666287735.428633	-68
1666287735.432718	-69
1666287735.436693	-71
1666287735.440870	-72
1666287735.445211	-73
1666287735.449318	-75
1666287735.453418	-76
1666287735.457576	-77
1666287735.461641	-79
1666287735.465655	-80
1666287735.469768	-82
1666287735.474324	-83
1666287735.478307	-84
1666287735.482418	-86
1666287735.486536	-87
1666287735.490574	-89
1666287735.494615	-90
1666287735.498909	-91
1666287735.503096	-93
1666287735.507226	-94
1666287735.511355	-96
1666287735.515501	-97
1666287735.519512	-99
1666287735.523644	-100
1666287735.527850	-101
1666287735.532237	-103
1666287735.536380	-104
1666287735.540461	-106
1666287735.544531	-107
1666287735.548858	-109
1666287735.553091	-110
1666287735.557247	-112
1666287735.561369	-113
1666287735.565398	-115
1666287735.569569	-116
1666287735.573910	-118
1666287735.577993	-119
1666287735.582163	-121
1666287735.586465	-122
1666287735.590682	-124
1666287735.594929	-125
1666287735.599027	-127
1666287735.603150	-129
1666287735.607183	-130
1666287735.611335	-132
1666287735.615702	-133
1666287735.619865	-135
1666287735.624081	-136
1666287735.628048	-138
1666287735.632248	-140
1666287735.636557	-141
1666287735.640697	-143
1666287735.644747	-144
1666287735.648899	-146
1666287735.653176	-148
1666287735.657348	-149
1666287735.661533	-151
1666287735.665690	-152
1666287735.669865	-154
1666287735.673966	-156
1666287735.678174	-157
1666287735.682398	-159
1666287735.686609	-161
1666287735.690778	-162
1666287735.694932	-164
1666287735.698971	-166
1666287735.703134	-167
1666287735.707364	-169
1666287735.711495	-171
1666287735.715836	-172
1666287735.719912	-174
1666287735.724011	-176
1666287735.728372	-177
1666287735.732518	-179
1666287735.736699	-181
1666287735.740846	-182
1666287735.744889	-184
1666287735.749212	-186
1666287735.753405	-187
1666287735.757597	-189
1666287735.761736	-191
1666287735.765795	-192
1666287735.770013	-194
1666287735.774104	-196
1666287735.778502	-197
1666287735.782706	-199
1666287735.786753	-201
1666287735.790817	-203
1666287735.795002	-204
1666287735.799177	-206
1666287735.803392	-208
1666287735.807617	-209
1666287735.811693	-211
1666287735.815878	-213
1666287735.820182	-214
1666287735.824442	-216
1666287735.828575	-218
1666287735.832588	-220
1666287735.836892	-221
1666287735.841087	-223
1666287735.845098	-225
1666287735.849417	-227
1666287735.853516	-228
1666287735.857885	-230
1666287735.861927	-232
1666287735.866212	-233
1666287735.870160	-235
1666287735.874513	-237
1666287735.878510	-239
1666287735.882902	-240
1666287735.886811	-242
1666287735.891191	-244
1666287735.895572	-245
1666287735.899406	-247
1666287735.903564	-249
1666287735.907695	-251
1666287735.911988	-252
1666287735.916166	-254
1666287735.920300	-256
1666287735.924353	-257
1666287735.928627	-259
1666287735.932698	-261
1666287735.937074	-263
1666287735.941242	-264
1666287735.945357	-266
1666287735.949438	-268
1666287735.953663	-270
1666287735.957989	-271
1666287735.962222	-273
1666287735.966290	-275
1666287735.970354	-276
1666287735.974625	-278
1666287735.979018	-280
1666287735.983296	-282
1666287735.987377	-283
1666287735.991348	-285
1666287735.995558	-287
1666287735.999829	-289
1666287736.004070	-290
1666287736.008123	-292
1666287736.012269	-294
1666287736.016441	-295
1666287736.020691	-297
1666287736.024840	-299
1666287736.029017	-300
1666287736.033198	-302
1666287736.037532	-304
1666287736.041703	-306
1666287736.045919	-307
1666287736.050010	-309
1666287736.054127	-311
1666287736.058482	-312
1666287736.062601	-314
1666287736.066785	-316
1666287736.070978	-317
1666287736.075244	-319
1666287736.079538	-321
1666287736.083695	-323
1666287736.087917	-324
1666287736.092062	-326
1666287736.096095	-328
1666287736.100209	-329
1666287736.104574	-331
1666287736.108649	-333
1666287736.112818	-334
1666287736.117141	-336
1666287736.121108	-338
1666287736.125329	-339
1666287736.129681	-341
1666287736.133799	-342
1666287736.138018	-344
1666287736.142168	-346
1666287736.146472	-347
1666287736.150602	-349
1666287736.154606	-351
1666287736.158769	-352
1666287736.163176	-354
1666287736.167344	-355
1666287736.171532	-357
1666287736.175702	-359
1666287736.179737	-360
1666287736.183903	-362
1666287736.188251	-363
1666287736.192391	-365
1666287736.196550	-367
1666287736.200655	-368
1666287736.205041	-370
1666287736.209217	-371
1666287736.213181	-373
1666287736.217553	-374
1666287736.221606	-376
1666287736.225969	-378
1666287736.230011	-379
1666287736.234329	-381
1666287736.238499	-382
1666287736.242557	-384
1666287736.246876	-385
1666287736.251098	-387
1666287736.255287	-388
1666287736.259469	-390
1666287736.263613	-391
1666287736.267800	-393
1666287736.271908	-394
1666287736.275981	-396
1666287736.280213	-397
1666287736.284382	-399
1666287736.288601	-400
1666287736.292952	-402
1666287736.297150	-403
1666287736.301298	-404
1666287736.305319	-406
1666287736.309762	-407
1666287736.313963	-409
1666287736.318107	-410
1666287736.322281	-412
1666287736.326277	-413
1666287736.330599	-414
1666287736.334828	-416
1666287736.338863	-417
1666287736.343207	-419
1666287736.347253	-420
1666287736.351346	-421
1666287736.355771	-423
1666287736.360013	-424
1666287736.364130	-426
1666287736.368227	-427
1666287736.372403	-428
1666287736.376652	-430
1666287736.380872	-431
1666287736.385050	-432
1666287736.389143	-434
1666287736.393209	-435
1666287736.397604	-436
1666287736.401508	-438
1666287736.405960	-439
1666287736.410103	-441
1666287736.414087	-442
1666287736.418321	-443
1666287736.422703	-444
1666287736.426943	-446
1666287736.431115	-447
1666287736.435168	-448
1666287736.439312	-450
1666287736.443671	-451
1666287736.447857	-452
1666287736.451988	-454
1666287736.456012	-455
1666287736.460189	-456
1666287736.464565	-458
1666287736.468784	-459
1666287736.472922	-460
1666287736.476918	-461
1666287736.481122	-463
1666287736.485562	-464
1666287736.489728	-465
1666287736.493895	-467
1666287736.497873	-468
1666287736.502216	-469
1666287736.506440	-470
1666287736.510347	-472
1666287736.514532	-473
1666287736.518728	-474
1666287736.522976	-476
1666287736.527218	-477
1666287736.531350	-478
1666287736.535529	-479
1666287736.539781	-481
1666287736.543989	-482
1666287736.548102	-483
1666287736.552327	-484
1666287736.556520	-486
1666287736.560688	-487
1666287736.565010	-488
1666287736.569173	-489
1666287736.573330	-491
1666287736.577531	-492
1666287736.581551	-493
1666287736.585711	-495
1666287736.589871	-496
1666287736.594233	-497
1666287736.598425	-498
1666287736.602510	-500
1666287736.606927	-500
1666287736.609021	-500
1666287736.622629	-499
1666287736.626954	-498
1666287736.631105	-497
1666287736.635107	-496
1666287736.639346	-494
1666287736.643477	-493
1666287736.647800	-492
1666287736.651902	-491
1666287736.656042	-489
1666287736.660217	-488
1666287736.664424	-487
1666287736.668570	-486
1666287736.672994	-484
1666287736.677158	-483
1666287736.681348	-482
1666287736.685404	-481
1666287736.689765	-479
1666287736.693947	-478
1666287736.698196	-477
1666287736.702314	-475
1666287736.706346	-474
1666287736.710552	-473
1666287736.714820	-472
1666287736.718964	-470
1666287736.723202	-469
1666287736.727236	-468
1666287736.731426	-467
1666287736.735788	-465
1666287736.739996	-464
1666287736.744158	-463
1666287736.748238	-461
1666287736.752554	-460
1666287736.756762	-459
1666287736.760913	-458
1666287736.765078	-456
1666287736.769158	-455
1666287736.773408	-454
1666287736.777758	-452
1666287736.781920	-451
1666287736.786068	-450
1666287736.790129	-448
1666287736.794416	-447
1666287736.798803	-446
1666287736.802862	-444
1666287736.806935	-443
1666287736.811073	-442
1666287736.815335	-440
1666287736.819568	-439
1666287736.823761	-438
1666287736.827819	-436
1666287736.832038	-435
1666287736.836360	-434
1666287736.840528	-432
1666287736.844571	-431
1666287736.848783	-430
1666287736.852931	-428
1666287736.857098	-427
1666287736.861483	-426
1666287736.865508	-424
1666287736.869694	-423
1666287736.873827	-421
1666287736.877985	-420
1666287736.882231	-419
1666287736.886418	-417
1666287736.890589	-416
1666287736.894773	-414
1666287736.899024	-413
1666287736.903084	-412
1666287736.907337	-410
1666287736.911502	-409
1666287736.915694	-407
1666287736.919874	-406
1666287736.924074	-404
1666287736.928281	-403
1666287736.932468	-402
1666287736.936669	-400
1666287736.940843	-399
1666287736.945149	-397
1666287736.949299	-396
1666287736.953468	-394
1666287736.957635	-393
1666287736.961788	-391
1666287736.965981	-390
1666287736.970229	-388
1666287736.974495	-387
1666287736.978585	-385
1666287736.982806	-384
1666287736.987087	-382
1666287736.991308	-381
1666287736.995372	-379
1666287736.999568	-378
1666287737.003915	-376
1666287737.008095	-374
1666287737.012103	-373
1666287737.016274	-371
1666287737.020490	-370
1666287737.024727	-368
1666287737.028867	-367
1666287737.033098	-365
1666287737.037321	-363
1666287737.041445	-362
1666287737.045642	-360
1666287737.049958	-359
1666287737.054178	-357
1666287737.058272	-355
1666287737.062359	-354
1666287737.066656	-352
1666287737.070713	-351
1666287737.075078	-349
1666287737.079102	-347
1666287737.083337	-346
1666287737.087495	-344
1666287737.091814	-343
1666287737.095999	-341
1666287737.100146	-339
1666287737.104235	-338
1666287737.108567	-336
1666287737.112810	-334
1666287737.116797	-333
1666287737.121036	-331
1666287737.125188	-329
1666287737.129426	-328
1666287737.133566	-326
1666287737.137927	-324
1666287737.142003	-323
1666287737.146308	-321
1666287737.150385	-319
1666287737.154546	-318
1666287737.158761	-316
1666287737.163009	-314
1666287737.167178	-312
1666287737.171324	-311
1666287737.175652	-309
1666287737.179831	-307
1666287737.184013	-306
1666287737.188073	-304
1666287737.192360	-302
1666287737.196625	-301
1666287737.200833	-299
1666287737.204871	-297
1666287737.209294	-295
1666287737.213201	-294
1666287737.217515	-292
1666287737.221707	-290
1666287737.225811	-289
1666287737.230006	-287
1666287737.234397	-285
1666287737.238527	-283
1666287737.242740	-282
1666287737.246808	-280
1666287737.251016	-278
1666287737.255193	-277
1666287737.259493	-275
1666287737.263695	-273
1666287737.267756	-271
1666287737.272160	-270
1666287737.276053	-268
1666287737.280461	-266
1666287737.284673	-264
1666287737.288694	-263
1666287737.292850	-261
1666287737.297245	-259
1666287737.301425	-258
1666287737.305624	-256
1666287737.309568	-254
1666287737.313701	-252
1666287737.318024	-251
1666287737.322271	-249
1666287737.326204	-247
1666287737.330549	-245
1666287737.334570	-244
1666287737.338672	-242
1666287737.342854	-240
1666287737.347245	-239
1666287737.351406	-237
1666287737.355524	-235
1666287737.359546	-233
1666287737.363739	-232
1666287737.368090	-230
1666287737.372241	-228
1666287737.376204	-227
1666287737.380417	-225
1666287737.384569	-223
1666287737.388959	-221
1666287737.392949	-220
1666287737.397289	-218
1666287737.401286	-216
1666287737.405393	-215
1666287737.409600	-213
1666287737.413853	-211
1666287737.418087	-209
1666287737.422246	-208
1666287737.426279	-206
1666287737.430624	-204
1666287737.434804	-203
1666287737.438898	-201
1666287737.442918	-199
1666287737.447240	-197
1666287737.451321	-196
1666287737.455669	-194
1666287737.459616	-192
1666287737.463844	-191
1666287737.468110	-189
1666287737.472188	-187
1666287737.476340	-186
1666287737.480625	-184
1666287737.484887	-182
1666287737.489066	-181
1666287737.493001	-179
1666287737.497194	-177
1666287737.501359	-176
1666287737.505682	-174
1666287737.509666	-172
1666287737.514053	-171
1666287737.518083	-169
1666287737.522331	-167
1666287737.526439	-166
1666287737.530672	-164
1666287737.534875	-162
1666287737.538933	-161
1666287737.543039	-159
1666287737.547273	-157
1666287737.551630	-156
1666287737.555771	-154
1666287737.559765	-153
1666287737.564016	-151
1666287737.568160	-149
1666287737.572450	-148
1666287737.576403	-146
1666287737.580791	-144
1666287737.584861	-143
1666287737.589019	-141
1666287737.593080	-140
1666287737.597394	-138
1666287737.601612	-136
1666287737.605759	-135
1666287737.609746	-133
1666287737.614028	-132
1666287737.618161	-130
1666287737.622448	-129
1666287737.626413	-127
1666287737.630665	-126
1666287737.634843	-124
1666287737.639091	-122
1666287737.643201	-121
1666287737.647456	-119
1666287737.651674	-118
1666287737.655709	-116
1666287737.659849	-115
1666287737.664128	-113
1666287737.668285	-112
1666287737.672560	-110
1666287737.676587	-109
1666287737.680730	-107
1666287737.685085	-106
1666287737.689276	-104
1666287737.693210	-103
1666287737.697574	-101
1666287737.701615	-100
1666287737.705751	-98
1666287737.709940	-97
1666287737.714237	-96
1666287737.718346	-94
1666287737.722478	-93
1666287737.726479	-91
1666287737.730584	-90
1666287737.734746	-89
1666287737.738952	-87
1666287737.743174	-86
1666287737.747299	-84
1666287737.751407	-83
1666287737.755507	-82
1666287737.759575	-80
1666287737.763731	-79
1666287737.767875	-77
1666287737.772092	-76
1666287737.776172	-75
1666287737.780269	-73
1666287737.784337	-72
1666287737.788433	-71
1666287737.792589	-69
1666287737.796901	-68
1666287737.801058	-67
1666287737.804916	-65
1666287737.809097	-64
1666287737.813314	-63
1666287737.817441	-61
1666287737.821563	-60
1666287737.825891	-59
1666287737.830017	-57
1666287737.834225	-56
1666287737.838210	-55
1666287737.842248	-53
1666287737.846370	-52
1666287737.850718	-51
1666287737.854824	-50
1666287737.858967	-48
1666287737.863123	-47
1666287737.867076	-46
1666287737.871123	-44
1666287737.875527	-43
1666287737.879661	-42
1666287737.883873	-41
1666287737.888011	-39
1666287737.892058	-38
1666287737.896100	-37
1666287737.900481	-35
1666287737.904289	-34
1666287737.908633	-33
1666287737.912784	-32
1666287737.916901	-30
1666287737.921040	-29
1666287737.925067	-28
1666287737.929482	-27
1666287737.933227	-25
1666287737.937473	-24
1666287737.941761	-23
1666287737.945890	-22
1666287737.949994	-20
1666287737.953964	-19
1666287737.958165	-18
1666287737.962213	-17
1666287737.966547	-15
1666287737.970743	-14
1666287737.974844	-13
1666287737.978890	-12
1666287737.982880	-10
1666287737.986978	-9
1666287737.991106	-8
1666287737.995406	-7
1666287737.999489	-5
1666287738.003567	-4
1666287738.007653	-3
1666287738.011683	-2
1666287738.015787	0
1666287738.019815	0
1666287738.021791	0
1666287738.023796	0
1666287738.028196	0
1666287738.030139	0
1666287738.043895	-1
1666287738.047793	-2
1666287738.051951	-3
1666287738.056097	-4
1666287738.060056	-5
1666287738.064251	-7
1666287738.068364	-8
1666287738.072455	-9
1666287738.076588	-10
1666287738.080617	-12
1666287738.084838	-13
1666287738.088811	-14
1666287738.093168	-15
1666287738.097340	-17
1666287738.101487	-18
1666287738.105541	-19
1666287738.109522	-20
1666287738.113704	-22
1666287738.118046	-23
1666287738.122156	-24
1666287738.126472	-25
1666287738.130429	-27
1666287738.134440	-28
1666287738.138737	-29
1666287738.142863	-30
1666287738.146973	-32
1666287738.151010	-33
1666287738.155287	-34
1666287738.159429	-35
1666287738.163459	-37
1666287738.167754	-38
1666287738.171823	-39
1666287738.176041	-41
1666287738.180247	-42
1666287738.184291	-43
1666287738.188165	-44
1666287738.192427	-46
1666287738.196514	-47
1666287738.200835	-48
1666287738.204977	-50
1666287738.209109	-51
1666287738.213279	-52
1666287738.217226	-53
1666287738.221286	-55
1666287738.225462	-56
1666287738.229895	-57
1666287738.234076	-59
1666287738.238135	-60
1666287738.242100	-61
1666287738.246205	-63
1666287738.250298	-64
1666287738.254627	-65
1666287738.258785	-67
1666287738.262945	-68
1666287738.267041	-69
1666287738.271123	-71
1666287738.275124	-72
1666287738.279521	-73
1666287738.283605	-75
1666287738.287801	-76
1666287738.291923	-77
1666287738.296032	-79
1666287738.300013	-80
1666287738.304119	-82
1666287738.308466	-83
1666287738.312431	-84
1666287738.316783	-86
1666287738.320944	-87
1666287738.324990	-89
1666287738.329061	-90
1666287738.333113	-91
1666287738.337253	-93
1666287738.341610	-94
1666287738.345781	-96
1666287738.349834	-97
1666287738.353914	-99
1666287738.358018	-100
1666287738.362339	-101
1666287738.366562	-103
1666287738.370730	-104
1666287738.374792	-106
1666287738.378893	-107
1666287738.382997	-109
1666287738.387352	-110
1666287738.391583	-112
1666287738.395743	-113
1666287738.399836	-115
1666287738.403889	-116
1666287738.408137	-118
1666287738.412395	-119
1666287738.416717	-121
1666287738.420668	-122
1666287738.424802	-124
1666287738.429180	-125
1666287738.433342	-127
1666287738.437316	-129
1666287738.441631	-130
1666287738.445707	-132
1666287738.450001	-133
1666287738.454106	-135
1666287738.458412	-136
1666287738.462551	-138
1666287738.466564	-140
1666287738.470681	-141
1666287738.474903	-143
1666287738.479270	-144
1666287738.483457	-146
1666287738.487525	-148
1666287738.491551	-149
1666287738.495867	-151
1666287738.500149	-152
1666287738.504358	-154
1666287738.508468	-156
1666287738.512515	-157
1666287738.516778	-159
1666287738.521039	-161
1666287738.524988	-162
1666287738.529407	-164
1666287738.533407	-166
1666287738.537395	-167
1666287738.541594	-169
1666287738.545877	-171
1666287738.549977	-172
1666287738.554385	-174
1666287738.558404	-176
1666287738.562474	-177
1666287738.566849	-179
1666287738.571061	-181
1666287738.575227	-182
1666287738.579232	-184
1666287738.583367	-186
1666287738.587545	-187
1666287738.591872	-189
1666287738.596104	-191
1666287738.600106	-192
1666287738.604239	-194
1666287738.608605	-196
1666287738.612775	-197
1666287738.616960	-199
1666287738.621141	-201
1666287738.625118	-203
1666287738.629512	-204
1666287738.633486	-206
1666287738.637946	-208
1666287738.641946	-209
1666287738.646035	-211
1666287738.650202	-213
1666287738.654518	-214
1666287738.658690	-216
1666287738.662860	-218
1666287738.667056	-220
1666287738.671038	-221
1666287738.675503	-223
1666287738.679658	-225
1666287738.683829	-227
1666287738.687968	-228
1666287738.691978	-230
1666287738.696362	-232
1666287738.700411	-233
1666287738.704707	-235
1666287738.708874	-237
1666287738.712808	-239
1666287738.717050	-240
1666287738.721217	-242
1666287738.725574	-244
1666287738.729738	-245
1666287738.733860	-247
1666287738.737872	-249
1666287738.742173	-251
1666287738.746391	-252
1666287738.750500	-254
1666287738.754641	-256
1666287738.758780	-257
1666287738.762806	-259
1666287738.767194	-261
1666287738.771362	-263
1666287738.775333	-264
1666287738.779711	-266
1666287738.783717	-268
1666287738.787999	-270
1666287738.792316	-271
1666287738.796501	-273
1666287738.800611	-275
1666287738.804693	-276
1666287738.808865	-278
1666287738.813294	-280
1666287738.817474	-282
1666287738.821437	-283
1666287738.825618	-285
1666287738.829990	-287
1666287738.834131	-289
1666287738.838221	-290
1666287738.842583	-292
1666287738.846626	-294
1666287738.850962	-295
1666287738.855197	-297
1666287738.859355	-299
1666287738.863516	-300
1666287738.867491	-302
1666287738.871668	-304
1666287738.875991	-306
1666287738.880262	-307
1666287738.884392	-309
1666287738.888417	-311
1666287738.892810	-312
1666287738.897004	-314
1666287738.900981	-316
1666287738.905377	-317
1666287738.909368	-319
1666287738.913549	-321
1666287738.917953	-323
1666287738.922195	-324
1666287738.926347	-326
1666287738.930348	-328
1666287738.934491	-329
1666287738.938768	-331
1666287738.943077	-333
1666287738.947226	-334
1666287738.951259	-336
1666287738.955583	-338
1666287738.959743	-339
1666287738.963798	-341
1666287738.968180	-342
1666287738.972201	-344
1666287738.976524	-346
1666287738.980759	-347
1666287738.984963	-349
1666287738.989152	-351
1666287738.993141	-352
1666287738.997381	-354
1666287739.001405	-355
1666287739.005853	-357
1666287739.010030	-359
1666287739.014132	-360
1666287739.018180	-362
1666287739.022580	-363
1666287739.026747	-365
1666287739.030916	-367
1666287739.035027	-368
1666287739.039237	-370
1666287739.043276	-371
1666287739.047623	-373
1666287739.051901	-374
1666287739.055989	-376
1666287739.060060	-378
1666287739.064376	-379
1666287739.068619	-381
1666287739.072811	-382
1666287739.076910	-384
1666287739.081160	-385
1666287739.085239	-387
1666287739.089431	-388
1666287739.093760	-390
1666287739.097827	-391
1666287739.102087	-393
1666287739.106321	-394
1666287739.110505	-396
1666287739.114719	-397
1666287739.118797	-399
1666287739.122870	-400
1666287739.127100	-402
1666287739.131289	-403
1666287739.135669	-404
1666287739.139744	-406
1666287739.143819	-407
1666287739.148212	-409
1666287739.152393	-410
1666287739.156601	-412
1666287739.160707	-413
1666287739.164781	-414
1666287739.169164	-416
1666287739.173325	-417
1666287739.177521	-419
1666287739.181685	-420
1666287739.185710	-421
1666287739.190061	-423
1666287739.194054	-424
1666287739.198430	-426
1666287739.202478	-427
1666287739.206799	-428
1666287739.210789	-430
1666287739.214987	-431
1666287739.219322	-432
1666287739.223428	-434
1666287739.227558	-435
1666287739.231795	-436
1666287739.235958	-438
1666287739.240154	-439
1666287739.244233	-440
1666287739.248405	-442
1666287739.252587	-443
1666287739.256933	-444
1666287739.260993	-446
1666287739.265337	-447
1666287739.269376	-448
1666287739.273525	-450
1666287739.277736	-451
1666287739.282168	-452
1666287739.286098	-454
1666287739.290384	-455
1666287739.294475	-456
1666287739.298908	-458
1666287739.303185	-459
1666287739.307427	-460
1666287739.311249	-461
1666287739.315435	-463
1666287739.319857	-464
1666287739.324024	-465
1666287739.328131	-467
1666287739.332217	-468
1666287739.336351	-469
1666287739.340769	-470
1666287739.344702	-472
1666287739.349066	-473
1666287739.353041	-474
1666287739.357236	-476
1666287739.361483	-477
1666287739.365682	-478
1666287739.370095	-479
1666287739.374103	-481
1666287739.378228	-482
1666287739.382506	-483
1666287739.386738	-484
1666287739.390952	-486
1666287739.395032	-487
1666287739.399273	-488
1666287739.403469	-489
1666287739.407494	-491
1666287739.411876	-492
1666287739.416002	-493
1666287739.420063	-495
1666287739.424201	-496
1666287739.428534	-497
1666287739.432787	-498
1666287739.436914	-500
1666287739.441077	-500
1666287739.443120	-500
1666287739.457084	-499
1666287739.461147	-498
1666287739.465304	-497
1666287739.469615	-496
1666287739.473783	-494
1666287739.477826	-493
1666287739.481976	-492
1666287739.486300	-491
1666287739.490569	-489
1666287739.494689	-488
1666287739.498795	-487
1666287739.502891	-486
1666287739.507286	-484
1666287739.511471	-483
1666287739.515682	-482
1666287739.519756	-481
1666287739.523876	-479
1666287739.528255	-478
1666287739.532238	-477
1666287739.536617	-475
1666287739.540744	-474
1666287739.544954	-473
1666287739.549232	-472
1666287739.553410	-470
1666287739.557531	-469
1666287739.561590	-468
1666287739.565801	-467
1666287739.570036	-465
1666287739.574305	-464
1666287739.578502	-463
1666287739.582575	-461
1666287739.586853	-460
1666287739.590998	-459
1666287739.595102	-458
1666287739.599473	-456
1666287739.603532	-455
1666287739.607687	-454
1666287739.611996	-452
1666287739.616217	-451
1666287739.620166	-450
1666287739.624475	-448
1666287739.628738	-447
1666287739.632799	-446
1666287739.637161	-444
1666287739.641567	-443
1666287739.645380	-442
1666287739.649757	-440
1666287739.653856	-439
1666287739.658061	-438
1666287739.662298	-436
1666287739.666424	-435
1666287739.670648	-434
1666287739.674818	-432
1666287739.678986	-431
1666287739.683028	-430
1666287739.687260	-428
1666287739.691427	-427
1666287739.695853	-426
1666287739.700057	-424
1666287739.704208	-423
1666287739.708245	-421
1666287739.712321	-420
1666287739.716546	-419
1666287739.720949	-417
1666287739.725147	-416
1666287739.729172	-414
1666287739.733269	-413
1666287739.737676	-412
1666287739.741859	-410
1666287739.745773	-409
1666287739.750110	-407
1666287739.754204	-406
1666287739.758649	-404
1666287739.762815	-403
1666287739.767012	-402
1666287739.771074	-400
1666287739.775136	-399
1666287739.779372	-397
1666287739.783544	-396
1666287739.787869	-394
1666287739.791990	-393
1666287739.796470	-391
1666287739.800509	-390
1666287739.804715	-388
1666287739.808903	-387
1666287739.812947	-385
1666287739.817283	-384
1666287739.821425	-382
1666287739.825724	-381
1666287739.829864	-379
1666287739.833895	-378
1666287739.838212	-376
1666287739.842581	-374
1666287739.846821	-373
1666287739.850977	-371
1666287739.854988	-370
1666287739.859212	-368
1666287739.863356	-367
1666287739.867587	-365
1666287739.871698	-363
1666287739.875784	-362
1666287739.879956	-360
1666287739.884319	-359
1666287739.888315	-357
1666287739.892912	-355
1666287739.896715	-354
1666287739.901070	-352
1666287739.905186	-351
1666287739.909461	-349
1666287739.913560	-347
1666287739.917739	-346
1666287739.921951	-344
1666287739.926096	-343
1666287739.930391	-341
1666287739.934400	-339
1666287739.938757	-338
1666287739.942907	-336
1666287739.947025	-334
1666287739.951314	-333
1666287739.955446	-331
1666287739.959704	-329
1666287739.963708	-328
1666287739.968132	-326
1666287739.972302	-324
1666287739.976526	-323
1666287739.980486	-321
1666287739.984705	-319
1666287739.989150	-318
1666287739.993315	-316
1666287739.997485	-314
1666287740.001431	-312
1666287740.005895	-311
1666287740.010116	-309
1666287740.014273	-307
1666287740.018438	-306
1666287740.022527	-304
1666287740.026895	-302
1666287740.030972	-301
1666287740.035209	-299
1666287740.039361	-297
1666287740.043397	-295
1666287740.047523	-294
1666287740.051896	-292
1666287740.056186	-290
1666287740.060305	-289
1666287740.064354	-287
1666287740.068746	-285
1666287740.072895	-283
1666287740.077091	-282
1666287740.081236	-280
1666287740.085287	-278
1666287740.089667	-276
1666287740.093896	-275
1666287740.098137	-273
1666287740.102178	-271
1666287740.106377	-270
1666287740.110662	-268
1666287740.114866	-266
1666287740.119047	-264
1666287740.123116	-263
1666287740.127344	-261
1666287740.131441	-259
1666287740.135773	-257
1666287740.139909	-256
1666287740.144058	-254
1666287740.148071	-252
1666287740.152473	-251
1666287740.156575	-249
1666287740.160774	-247
1666287740.164917	-245
1666287740.169008	-244
1666287740.173018	-242
1666287740.177203	-240
1666287740.181529	-239
1666287740.185512	-237
1666287740.189857	-235
1666287740.193936	-233
1666287740.198179	-232
1666287740.202420	-230
1666287740.206546	-228
1666287740.210786	-227
1666287740.214843	-225
1666287740.219045	-223
1666287740.223088	-221
1666287740.227521	-220
1666287740.231659	-218
1666287740.235830	-216
1666287740.239803	-215
1666287740.243946	-213
1666287740.248097	-211
1666287740.252545	-209
1666287740.256715	-208
1666287740.260736	-206
1666287740.264809	-204
1666287740.269162	-203
1666287740.273389	-201
1666287740.277575	-199
1666287740.281695	-197
1666287740.285686	-196
1666287740.289947	-194
1666287740.294155	-192
1666287740.298402	-191
1666287740.302582	-189
1666287740.306621	-187
1666287740.310709	-186
1666287740.314925	-184
1666287740.319253	-182
1666287740.323455	-181
1666287740.327551	-179
1666287740.331569	-177
1666287740.335738	-176
1666287740.340173	-174
1666287740.344283	-172
1666287740.348397	-171
1666287740.352511	-169
1666287740.356512	-167
1666287740.360952	-166
1666287740.365170	-164
1666287740.369283	-162
1666287740.373476	-161
1666287740.377437	-159
1666287740.381615	-157
1666287740.385974	-156
1666287740.390145	-154
1666287740.394331	-152
1666287740.398370	-151
1666287740.402430	-149
1666287740.406648	-148
1666287740.410829	-146
1666287740.415218	-144
1666287740.419221	-143
1666287740.423308	-141
1666287740.427610	-140
1666287740.431626	-138
1666287740.435953	-136
1666287740.440126	-135
1666287740.444208	-133
1666287740.448340	-132
1666287740.452675	-130
1666287740.456853	-129
1666287740.461006	-127
1666287740.465223	-126
1666287740.469188	-124
1666287740.473347	-122
1666287740.477718	-121
1666287740.481901	-119
1666287740.486085	-118
1666287740.490163	-116
1666287740.494218	-115
1666287740.498605	-113
1666287740.502792	-112
1666287740.506957	-110
1666287740.511084	-109
1666287740.515138	-107
1666287740.519429	-106
1666287740.523555	-104
1666287740.527834	-103
1666287740.531780	-101
1666287740.536012	-100
1666287740.540062	-98
1666287740.544230	-97
1666287740.548591	-96
1666287740.552711	-94
1666287740.556837	-93
1666287740.560946	-91
1666287740.564965	-90
1666287740.569034	-89
1666287740.573206	-87
1666287740.577605	-86
1666287740.581634	-84
1666287740.585803	-83
1666287740.589891	-82
1666287740.593901	-80
1666287740.598151	-79
1666287740.602348	-77
1666287740.606477	-76
1666287740.610642	-75
1666287740.614729	-73
1666287740.618796	-72
1666287740.622845	-71
1666287740.627286	-69
1666287740.631072	-68
1666287740.635239	-67
1666287740.639680	-65
1666287740.643775	-64
1666287740.647823	-63
1666287740.651782	-61
1666287740.655858	-60
1666287740.660051	-59
1666287740.664279	-57
1666287740.668412	-56
1666287740.672581	-55
1666287740.676652	-53
1666287740.680706	-52
1666287740.684806	-51
1666287740.689183	-50
1666287740.693274	-48
1666287740.697400	-47
1666287740.701563	-46
1666287740.705551	-44
1666287740.709636	-43
1666287740.713864	-42
1666287740.718148	-41
1666287740.722289	-39
1666287740.726431	-38
1666287740.730491	-37
1666287740.734466	-35
1666287740.738614	-34
1666287740.742916	-33
1666287740.747170	-32
1666287740.751212	-30
1666287740.755382	-29
1666287740.759420	-28
1666287740.763442	-27
1666287740.767599	-25
1666287740.771740	-24
1666287740.776082	-23
1666287740.780233	-22
1666287740.784357	-20
1666287740.788390	-19
1666287740.792454	-18
1666287740.796607	-17
1666287740.800893	-15
1666287740.804983	-14
1666287740.809212	-13
1666287740.813128	-12
1666287740.817263	-10
1666287740.821327	-9
1666287740.825638	-8
1666287740.829594	-7
1666287740.833760	-5
1666287740.837940	-4
1666287740.842023	-3
1666287740.846132	-2
1666287740.850130	0
1666287740.854130	0
1666287740.856140	0
