## Values
## High Speed = 500
## Low Speed = 300
## Acceleration = 5000
## Deceleration = 300
## Position = 0
## Idle Time = 1
## Accel/Decel profile = Sinusoidal
## Dwell time = 0.0
## Length = 500
## Cycles = 3


1666287521.143615	0
1666287521.147713	0
1666287521.149607	0
1666287521.163583	0
1666287521.167754	-2
1666287521.171721	-3
1666287521.175870	-4
1666287521.179922	-5
1666287521.184090	-7
1666287521.188174	-8
1666287521.192304	-9
1666287521.196419	-10
1666287521.200503	-12
1666287521.204635	-13
1666287521.208926	-14
1666287521.212933	-15
1666287521.217155	-17
1666287521.221312	-18
1666287521.225318	-19
1666287521.229491	-20
1666287521.233624	-22
1666287521.237920	-23
1666287521.242080	-24
1666287521.246183	-25
1666287521.250263	-27
1666287521.254301	-28
1666287521.258685	-29
1666287521.262817	-31
1666287521.266906	-32
1666287521.271131	-33
1666287521.275249	-35
1666287521.279235	-36
1666287521.283465	-37
1666287521.287674	-38
1666287521.291627	-40
1666287521.296012	-41
1666287521.300119	-42
1666287521.304178	-44
1666287521.308197	-45
1666287521.312293	-47
1666287521.316683	-48
1666287521.320721	-49
1666287521.324931	-51
1666287521.328960	-52
1666287521.333106	-53
1666287521.337159	-55
1666287521.341444	-56
1666287521.345548	-58
1666287521.349788	-59
1666287521.353909	-61
1666287521.358023	-62
1666287521.362009	-63
1666287521.366146	-65
1666287521.370320	-66
1666287521.374566	-68
1666287521.378769	-69
1666287521.382935	-71
1666287521.386966	-72
1666287521.391046	-74
1666287521.395152	-75
1666287521.399492	-77
1666287521.403629	-79
1666287521.407774	-80
1666287521.411884	-82
1666287521.415846	-83
1666287521.419968	-85
1666287521.424095	-86
1666287521.428399	-88
1666287521.432511	-90
1666287521.436750	-91
1666287521.440786	-93
1666287521.444777	-95
1666287521.449096	-96
1666287521.453243	-98
1666287521.457461	-100
1666287521.461643	-102
1666287521.465786	-103
1666287521.469845	-105
1666287521.474004	-107
1666287521.478356	-109
1666287521.482300	-110
1666287521.486663	-112
1666287521.490702	-114
1666287521.494844	-116
1666287521.499232	-118
1666287521.503368	-120
1666287521.507493	-121
1666287521.511618	-123
1666287521.515599	-125
1666287521.520039	-127
1666287521.524252	-129
1666287521.528396	-131
1666287521.532530	-133
1666287521.536661	-135
1666287521.540881	-137
1666287521.545084	-138
1666287521.549227	-140
1666287521.553365	-142
1666287521.557407	-144
1666287521.561683	-146
1666287521.565860	-148
1666287521.570027	-150
1666287521.574339	-152
1666287521.578463	-154
1666287521.582437	-156
1666287521.586616	-158
1666287521.590876	-160
1666287521.595140	-162
1666287521.599156	-164
1666287521.603391	-166
1666287521.607446	-168
1666287521.611750	-170
1666287521.616037	-172
1666287521.620217	-174
1666287521.624333	-176
1666287521.628406	-178
1666287521.632738	-181
1666287521.636786	-183
1666287521.641269	-185
1666287521.645247	-187
1666287521.649290	-189
1666287521.653403	-191
1666287521.657754	-193
1666287521.661902	-195
1666287521.665980	-197
1666287521.670085	-199
1666287521.674373	-201
1666287521.678586	-203
1666287521.682726	-205
1666287521.686884	-207
1666287521.691029	-210
1666287521.695288	-212
1666287521.699436	-214
1666287521.703643	-216
1666287521.707802	-218
1666287521.711892	-220
1666287521.715985	-222
1666287521.720267	-224
1666287521.724439	-226
1666287521.728621	-228
1666287521.732709	-230
1666287521.737046	-233
1666287521.741028	-235
1666287521.745348	-237
1666287521.749469	-239
1666287521.753611	-241
1666287521.757775	-243
1666287521.761848	-245
1666287521.765952	-247
1666287521.770105	-249
1666287521.774460	-251
1666287521.778629	-253
1666287521.782744	-255
1666287521.786842	-257
1666287521.791016	-260
1666287521.795275	-262
1666287521.799411	-264
1666287521.803613	-266
1666287521.807817	-268
1666287521.811753	-270
1666287521.816038	-272
1666287521.820251	-274
1666287521.824468	-276
1666287521.828731	-278
1666287521.832830	-280
1666287521.836807	-283
1666287521.841004	-285
1666287521.845364	-287
1666287521.849585	-289
1666287521.853706	-291
1666287521.857733	-293
1666287521.861924	-295
1666287521.866321	-297
1666287521.870538	-299
1666287521.874650	-301
1666287521.878718	-303
1666287521.882985	-306
1666287521.887212	-308
1666287521.891410	-310
1666287521.895618	-312
1666287521.899588	-314
1666287521.903764	-316
1666287521.908170	-318
1666287521.912345	-320
1666287521.916543	-322
1666287521.920537	-324
1666287521.924707	-326
1666287521.929081	-328
1666287521.933274	-330
1666287521.937407	-332
1666287521.941481	-334
1666287521.945805	-336
1666287521.949782	-338
1666287521.954246	-340
1666287521.958382	-342
1666287521.962426	-345
1666287521.966726	-347
1666287521.970712	-349
1666287521.974909	-351
1666287521.979218	-352
1666287521.983514	-354
1666287521.987722	-356
1666287521.991757	-358
1666287521.995912	-360
1666287522.000174	-362
1666287522.004247	-364
1666287522.008619	-366
1666287522.012683	-368
1666287522.017013	-370
1666287522.021204	-372
1666287522.025274	-374
1666287522.029357	-376
1666287522.033758	-378
1666287522.037934	-379
1666287522.042201	-381
1666287522.046215	-383
1666287522.050313	-385
1666287522.054452	-387
1666287522.058823	-389
1666287522.062977	-390
1666287522.067139	-392
1666287522.071165	-394
1666287522.075420	-396
1666287522.079838	-398
1666287522.084014	-399
1666287522.088109	-401
1666287522.092165	-403
1666287522.096518	-405
1666287522.100685	-406
1666287522.104886	-408
1666287522.109022	-410
1666287522.113044	-411
1666287522.117388	-413
1666287522.121541	-415
1666287522.125814	-416
1666287522.129980	-418
1666287522.133983	-419
1666287522.138345	-421
1666287522.142349	-423
1666287522.146523	-424
1666287522.150701	-426
1666287522.154935	-427
1666287522.159305	-429
1666287522.163492	-430
1666287522.167668	-432
1666287522.171786	-433
1666287522.176013	-435
1666287522.180197	-436
1666287522.184392	-438
1666287522.188580	-439
1666287522.192819	-441
1666287522.196807	-442
1666287522.201124	-444
1666287522.205336	-445
1666287522.209524	-447
1666287522.213742	-448
1666287522.217747	-449
1666287522.221935	-451
1666287522.226248	-452
1666287522.230521	-454
1666287522.234691	-455
1666287522.238659	-456
1666287522.242833	-458
1666287522.247189	-459
1666287522.251423	-460
1666287522.255574	-462
1666287522.259634	-463
1666287522.263765	-464
1666287522.268170	-466
1666287522.272345	-467
1666287522.276525	-468
1666287522.280608	-470
1666287522.284739	-471
1666287522.289084	-472
1666287522.293269	-474
1666287522.297490	-475
1666287522.301541	-476
1666287522.305776	-478
1666287522.309982	-479
1666287522.314221	-480
1666287522.318432	-481
1666287522.322371	-483
1666287522.326571	-484
1666287522.330783	-485
1666287522.335057	-487
1666287522.339315	-488
1666287522.343307	-489
1666287522.347655	-490
1666287522.351720	-492
1666287522.356022	-493
1666287522.360340	-494
1666287522.364273	-495
1666287522.368589	-497
1666287522.372794	-498
1666287522.377099	-499
1666287522.381257	-500
1666287522.385540	-500
1666287522.387500	-500
1666287522.401407	-499
1666287522.405433	-498
1666287522.409830	-497
1666287522.413815	-496
1666287522.418092	-494
1666287522.422168	-493
1666287522.426350	-492
1666287522.430407	-491
1666287522.434727	-489
1666287522.438954	-488
1666287522.443131	-487
1666287522.447419	-486
1666287522.451599	-484
1666287522.455809	-483
1666287522.459891	-482
1666287522.464090	-480
1666287522.468329	-479
1666287522.472525	-478
1666287522.476695	-477
1666287522.480812	-475
1666287522.485058	-474
1666287522.489253	-473
1666287522.493559	-471
1666287522.497776	-470
1666287522.501859	-469
1666287522.505940	-468
1666287522.510146	-466
1666287522.514409	-465
1666287522.518726	-464
1666287522.522863	-462
1666287522.526937	-461
1666287522.531220	-459
1666287522.535443	-458
1666287522.539672	-457
1666287522.543805	-455
1666287522.547874	-454
1666287522.552014	-453
1666287522.556384	-451
1666287522.560607	-450
1666287522.564784	-448
1666287522.568811	-447
1666287522.572925	-446
1666287522.577369	-444
1666287522.581573	-443
1666287522.585684	-441
1666287522.589735	-440
1666287522.593938	-438
1666287522.598233	-437
1666287522.602257	-435
1666287522.606657	-434
1666287522.610718	-433
1666287522.614841	-431
1666287522.619293	-429
1666287522.623466	-428
1666287522.627595	-426
1666287522.631603	-425
1666287522.636017	-423
1666287522.640187	-422
1666287522.644435	-420
1666287522.648556	-419
1666287522.652589	-417
1666287522.656759	-415
1666287522.661164	-414
1666287522.665133	-412
1666287522.669524	-410
1666287522.673518	-409
1666287522.677736	-407
1666287522.682131	-405
1666287522.686304	-404
1666287522.690473	-402
1666287522.694457	-400
1666287522.698855	-398
1666287522.703064	-397
1666287522.707277	-395
1666287522.711396	-393
1666287522.715473	-391
1666287522.719906	-390
1666287522.723968	-388
1666287522.728053	-386
1666287522.732365	-384
1666287522.736366	-382
1666287522.740716	-380
1666287522.744942	-379
1666287522.749144	-377
1666287522.753180	-375
1666287522.757395	-373
1666287522.761625	-371
1666287522.765845	-369
1666287522.770032	-367
1666287522.774158	-365
1666287522.778232	-363
1666287522.782413	-361
1666287522.786779	-359
1666287522.790739	-358
1666287522.795210	-356
1666287522.799235	-354
1666287522.803559	-352
1666287522.807758	-350
1666287522.811954	-348
1666287522.816099	-346
1666287522.820143	-344
1666287522.824322	-342
1666287522.828698	-340
1666287522.832937	-338
1666287522.837050	-336
1666287522.841088	-334
1666287522.845218	-332
1666287522.849625	-329
1666287522.853607	-327
1666287522.857986	-325
1666287522.861987	-323
1666287522.866366	-321
1666287522.870520	-319
1666287522.874773	-317
1666287522.878927	-315
1666287522.882959	-313
1666287522.887124	-311
1666287522.891271	-309
1666287522.895677	-307
1666287522.899884	-305
1666287522.903905	-303
1666287522.908049	-301
1666287522.912355	-298
1666287522.916698	-296
1666287522.920872	-294
1666287522.924834	-292
1666287522.929074	-290
1666287522.933438	-288
1666287522.937576	-286
1666287522.941773	-284
1666287522.945794	-282
1666287522.950094	-280
1666287522.954208	-277
1666287522.958485	-275
1666287522.962636	-273
1666287522.966702	-271
1666287522.970834	-269
1666287522.975016	-267
1666287522.979149	-265
1666287522.983516	-263
1666287522.987674	-261
1666287522.991687	-259
1666287522.995973	-257
1666287523.000254	-255
1666287523.004430	-252
1666287523.008543	-250
1666287523.012663	-248
1666287523.016741	-246
1666287523.020874	-244
1666287523.025144	-242
1666287523.029450	-240
1666287523.033555	-238
1666287523.037581	-236
1666287523.041630	-234
1666287523.045814	-232
1666287523.049937	-230
1666287523.054307	-227
1666287523.058446	-225
1666287523.062448	-223
1666287523.066583	-221
1666287523.070787	-219
1666287523.075158	-217
1666287523.079313	-215
1666287523.083414	-213
1666287523.087435	-211
1666287523.091580	-209
1666287523.095818	-207
1666287523.100103	-204
1666287523.104298	-202
1666287523.108386	-200
1666287523.112598	-198
1666287523.116695	-196
1666287523.121027	-194
1666287523.125191	-192
1666287523.129295	-190
1666287523.133302	-188
1666287523.137468	-186
1666287523.141605	-184
1666287523.145967	-182
1666287523.150124	-180
1666287523.154227	-178
1666287523.158428	-176
1666287523.162465	-173
1666287523.166785	-171
1666287523.170952	-169
1666287523.175169	-167
1666287523.179156	-165
1666287523.183470	-163
1666287523.187674	-161
1666287523.191922	-159
1666287523.196045	-157
1666287523.200107	-155
1666287523.204180	-153
1666287523.208516	-151
1666287523.212620	-149
1666287523.216897	-147
1666287523.221057	-145
1666287523.225043	-143
1666287523.229144	-141
1666287523.233567	-140
1666287523.237710	-138
1666287523.241906	-136
1666287523.245951	-134
1666287523.250082	-132
1666287523.254185	-130
1666287523.258356	-128
1666287523.262735	-126
1666287523.266831	-124
1666287523.270954	-122
1666287523.275021	-121
1666287523.279279	-119
1666287523.283535	-117
1666287523.287697	-115
1666287523.291832	-113
1666287523.295881	-111
1666287523.300071	-110
1666287523.304358	-108
1666287523.308606	-106
1666287523.312763	-104
1666287523.316825	-102
1666287523.321088	-101
1666287523.325081	-99
1666287523.329384	-97
1666287523.333549	-96
1666287523.337661	-94
1666287523.341706	-92
1666287523.345778	-91
1666287523.349910	-89
1666287523.354179	-87
1666287523.358380	-86
1666287523.362526	-84
1666287523.366639	-82
1666287523.370686	-81
1666287523.374738	-79
1666287523.379078	-78
1666287523.383180	-76
1666287523.387327	-75
1666287523.391421	-73
1666287523.395565	-72
1666287523.399553	-70
1666287523.403646	-69
1666287523.408017	-67
1666287523.412134	-66
1666287523.416071	-64
1666287523.420402	-63
1666287523.424493	-61
1666287523.428486	-60
1666287523.432642	-58
1666287523.436887	-57
1666287523.441139	-55
1666287523.445282	-54
1666287523.449412	-53
1666287523.453469	-51
1666287523.457496	-50
1666287523.461639	-48
1666287523.465907	-47
1666287523.469858	-46
1666287523.474285	-44
1666287523.478079	-43
1666287523.482351	-42
1666287523.486487	-40
1666287523.490825	-39
1666287523.494866	-38
1666287523.499051	-36
1666287523.503212	-35
1666287523.507265	-34
1666287523.511243	-32
1666287523.515366	-31
1666287523.519745	-30
1666287523.523872	-28
1666287523.527992	-27
1666287523.532125	-26
1666287523.536220	-25
1666287523.540224	-23
1666287523.544385	-22
1666287523.548726	-21
1666287523.552810	-19
1666287523.556990	-18
1666287523.561173	-17
1666287523.565166	-16
1666287523.569193	-14
1666287523.573287	-13
1666287523.577623	-12
1666287523.581840	-11
1666287523.585897	-9
1666287523.590007	-8
1666287523.594066	-7
1666287523.598072	-6
1666287523.602160	-4
1666287523.606381	-3
1666287523.610359	-2
1666287523.614664	-1
1666287523.618753	0
1666287523.622907	0
1666287523.624886	0
1666287523.626880	0
1666287523.630955	0
1666287523.632966	0
1666287523.646918	-1
1666287523.650966	-2
1666287523.654979	-3
1666287523.658962	-4
1666287523.663015	-5
1666287523.667182	-7
1666287523.671297	-8
1666287523.675381	-9
1666287523.679508	-10
1666287523.683634	-12
1666287523.687735	-13
1666287523.691870	-14
1666287523.696012	-15
1666287523.700233	-17
1666287523.704416	-18
1666287523.708501	-19
1666287523.712708	-20
1666287523.716721	-22
1666287523.720814	-23
1666287523.725014	-24
1666287523.729290	-26
1666287523.733412	-27
1666287523.737585	-28
1666287523.741680	-29
1666287523.745646	-31
1666287523.749905	-32
1666287523.753973	-33
1666287523.758273	-35
1666287523.762230	-36
1666287523.766567	-37
1666287523.770584	-39
1666287523.774607	-40
1666287523.778924	-41
1666287523.783161	-43
1666287523.787241	-44
1666287523.791443	-45
1666287523.795460	-47
1666287523.799529	-48
1666287523.803594	-49
1666287523.807921	-51
1666287523.811970	-52
1666287523.816227	-54
1666287523.820347	-55
1666287523.824428	-56
1666287523.828407	-58
1666287523.832617	-59
1666287523.836843	-61
1666287523.840953	-62
1666287523.845078	-64
1666287523.849273	-65
1666287523.853299	-67
1666287523.857383	-68
1666287523.861547	-69
1666287523.865836	-71
1666287523.870017	-73
1666287523.874182	-74
1666287523.878281	-76
1666287523.882330	-77
1666287523.886453	-79
1666287523.890635	-80
1666287523.894856	-82
1666287523.899016	-83
1666287523.903157	-85
1666287523.907219	-87
1666287523.911267	-88
1666287523.915429	-90
1666287523.919730	-92
1666287523.923949	-93
1666287523.928063	-95
1666287523.932150	-97
1666287523.936127	-98
1666287523.940492	-100
1666287523.944637	-102
1666287523.948668	-103
1666287523.953047	-105
1666287523.957086	-107
1666287523.961332	-109
1666287523.965435	-111
1666287523.969552	-112
1666287523.973871	-114
1666287523.977854	-116
1666287523.982053	-118
1666287523.986468	-120
1666287523.990677	-122
1666287523.994832	-123
1666287523.998941	-125
1666287524.002989	-127
1666287524.007102	-129
1666287524.011311	-131
1666287524.015639	-133
1666287524.019784	-135
1666287524.023924	-137
1666287524.027924	-139
1666287524.032089	-141
1666287524.036406	-143
1666287524.040420	-144
1666287524.044769	-146
1666287524.048878	-148
1666287524.053022	-150
1666287524.057186	-152
1666287524.061540	-154
1666287524.065698	-156
1666287524.069732	-158
1666287524.073890	-160
1666287524.078189	-162
1666287524.082384	-164
1666287524.086597	-166
1666287524.090702	-168
1666287524.094709	-170
1666287524.098941	-173
1666287524.103187	-175
1666287524.107392	-177
1666287524.111573	-179
1666287524.115643	-181
1666287524.119754	-183
1666287524.124055	-185
1666287524.128253	-187
1666287524.132462	-189
1666287524.136566	-191
1666287524.140603	-193
1666287524.144750	-195
1666287524.149120	-197
1666287524.153364	-199
1666287524.157473	-201
1666287524.161550	-203
1666287524.165656	-206
1666287524.170043	-208
1666287524.174220	-210
1666287524.178396	-212
1666287524.182477	-214
1666287524.186500	-216
1666287524.190661	-218
1666287524.195026	-220
1666287524.199033	-222
1666287524.203110	-224
1666287524.207315	-226
1666287524.211378	-229
1666287524.215775	-231
1666287524.219945	-233
1666287524.224125	-235
1666287524.228303	-237
1666287524.232283	-239
1666287524.236585	-241
1666287524.240784	-243
1666287524.244921	-245
1666287524.249111	-247
1666287524.253263	-249
1666287524.257255	-251
1666287524.261580	-254
1666287524.265720	-256
1666287524.269944	-258
1666287524.274117	-260
1666287524.278240	-262
1666287524.282284	-264
1666287524.286455	-266
1666287524.290817	-268
1666287524.294953	-270
1666287524.299161	-272
1666287524.303151	-274
1666287524.307313	-276
1666287524.311686	-279
1666287524.315860	-281
1666287524.320006	-283
1666287524.324095	-285
1666287524.328346	-287
1666287524.332436	-289
1666287524.336770	-291
1666287524.340997	-293
1666287524.345049	-295
1666287524.349181	-297
1666287524.353361	-300
1666287524.357500	-302
1666287524.361871	-304
1666287524.365983	-306
1666287524.370080	-308
1666287524.374404	-310
1666287524.378660	-312
1666287524.382816	-314
1666287524.386922	-316
1666287524.391155	-318
1666287524.395237	-320
1666287524.399608	-322
1666287524.403789	-324
1666287524.407895	-326
1666287524.411903	-328
1666287524.416332	-331
1666287524.420272	-333
1666287524.424657	-335
1666287524.428815	-337
1666287524.432831	-339
1666287524.437033	-341
1666287524.441366	-343
1666287524.445628	-345
1666287524.449769	-347
1666287524.453799	-349
1666287524.457999	-351
1666287524.462061	-353
1666287524.466742	-355
1666287524.470664	-357
1666287524.474748	-359
1666287524.479127	-361
1666287524.483301	-362
1666287524.487444	-364
1666287524.491656	-366
1666287524.495642	-368
1666287524.499806	-370
1666287524.504164	-372
1666287524.508372	-374
1666287524.512539	-376
1666287524.516590	-378
1666287524.520736	-380
1666287524.525088	-381
1666287524.529321	-383
1666287524.533537	-385
1666287524.537563	-387
1666287524.541630	-389
1666287524.546015	-391
1666287524.550148	-392
1666287524.554475	-394
1666287524.558629	-396
1666287524.562821	-398
1666287524.566901	-399
1666287524.571105	-401
1666287524.575163	-403
1666287524.579350	-405
1666287524.583531	-406
1666287524.587893	-408
1666287524.592108	-410
1666287524.596273	-411
1666287524.600351	-413
1666287524.604426	-415
1666287524.608702	-416
1666287524.613034	-418
1666287524.617029	-420
1666287524.621305	-421
1666287524.625374	-423
1666287524.629725	-424
1666287524.633763	-426
1666287524.637928	-427
1666287524.642176	-429
1666287524.646296	-430
1666287524.650719	-432
1666287524.654845	-434
1666287524.659140	-435
1666287524.663212	-436
1666287524.667204	-438
1666287524.671659	-439
1666287524.675794	-441
1666287524.680069	-442
1666287524.684158	-444
1666287524.688268	-445
1666287524.692373	-447
1666287524.696774	-448
1666287524.700953	-450
1666287524.705081	-451
1666287524.709102	-452
1666287524.713289	-454
1666287524.717681	-455
1666287524.721890	-456
1666287524.726002	-458
1666287524.730016	-459
1666287524.734222	-461
1666287524.738617	-462
1666287524.742802	-463
1666287524.746944	-465
1666287524.750956	-466
1666287524.755157	-467
1666287524.759561	-469
1666287524.763624	-470
1666287524.767862	-471
1666287524.771912	-473
1666287524.776185	-474
1666287524.780249	-475
1666287524.784649	-476
1666287524.788847	-478
1666287524.792869	-479
1666287524.797043	-480
1666287524.801377	-482
1666287524.805598	-483
1666287524.809736	-484
1666287524.813795	-485
1666287524.817940	-487
1666287524.822241	-488
1666287524.826537	-489
1666287524.830717	-490
1666287524.834712	-492
1666287524.839137	-493
1666287524.843263	-494
1666287524.847493	-496
1666287524.851660	-497
1666287524.855697	-498
1666287524.860015	-499
1666287524.864232	-500
1666287524.868607	-500
1666287524.870654	-500
1666287524.884533	-499
1666287524.888506	-498
1666287524.892550	-497
1666287524.896910	-496
1666287524.901065	-494
1666287524.905306	-493
1666287524.909455	-492
1666287524.913511	-491
1666287524.917757	-489
1666287524.922165	-488
1666287524.926335	-487
1666287524.930473	-486
1666287524.934495	-484
1666287524.938916	-483
1666287524.943092	-482
1666287524.947272	-480
1666287524.951404	-479
1666287524.955448	-478
1666287524.959826	-477
1666287524.964042	-475
1666287524.968228	-474
1666287524.972403	-473
1666287524.976410	-471
1666287524.980749	-470
1666287524.984789	-469
1666287524.989221	-468
1666287524.993392	-466
1666287524.997331	-465
1666287525.001542	-464
1666287525.005988	-462
1666287525.010201	-461
1666287525.014303	-460
1666287525.018284	-458
1666287525.022676	-457
1666287525.026912	-455
1666287525.031130	-454
1666287525.035246	-453
1666287525.039243	-451
1666287525.043572	-450
1666287525.047539	-448
1666287525.051980	-447
1666287525.056102	-446
1666287525.060132	-444
1666287525.064316	-443
1666287525.068650	-441
1666287525.072915	-440
1666287525.077081	-438
1666287525.081117	-437
1666287525.085293	-435
1666287525.089639	-434
1666287525.093889	-433
1666287525.098033	-431
1666287525.102134	-429
1666287525.106284	-428
1666287525.110636	-426
1666287525.114928	-425
1666287525.119074	-423
1666287525.123106	-422
1666287525.127240	-420
1666287525.131635	-419
1666287525.135762	-417
1666287525.139959	-415
1666287525.143963	-414
1666287525.148407	-412
1666287525.152532	-410
1666287525.156716	-409
1666287525.160861	-407
1666287525.164947	-405
1666287525.169067	-404
1666287525.173488	-402
1666287525.177686	-400
1666287525.181695	-398
1666287525.185928	-397
1666287525.190135	-395
1666287525.194488	-393
1666287525.198549	-391
1666287525.202787	-390
1666287525.206848	-388
1666287525.211216	-386
1666287525.215442	-384
1666287525.219638	-382
1666287525.223731	-380
1666287525.227698	-379
1666287525.231936	-377
1666287525.236088	-375
1666287525.240484	-373
1666287525.244659	-371
1666287525.248679	-369
1666287525.253001	-367
1666287525.257149	-365
1666287525.261376	-363
1666287525.265547	-361
1666287525.269579	-359
1666287525.273796	-358
1666287525.278174	-356
1666287525.282388	-354
1666287525.286523	-352
1666287525.290568	-350
1666287525.294752	-348
1666287525.298985	-346
1666287525.303346	-344
1666287525.307468	-342
1666287525.311458	-340
1666287525.315825	-338
1666287525.320061	-336
1666287525.324248	-334
1666287525.328432	-332
1666287525.332424	-330
1666287525.336742	-327
1666287525.340989	-325
1666287525.345192	-323
1666287525.349311	-321
1666287525.353331	-319
1666287525.357550	-317
1666287525.361902	-315
1666287525.366128	-313
1666287525.370251	-311
1666287525.374294	-309
1666287525.378668	-307
1666287525.382820	-305
1666287525.387048	-303
1666287525.391271	-301
1666287525.395233	-298
1666287525.399605	-296
1666287525.403857	-294
1666287525.407998	-292
1666287525.412183	-290
1666287525.416177	-288
1666287525.420362	-286
1666287525.424683	-284
1666287525.428946	-282
1666287525.433078	-280
1666287525.437159	-278
1666287525.441389	-275
1666287525.445664	-273
1666287525.449842	-271
1666287525.453751	-269
1666287525.458082	-267
1666287525.462065	-265
1666287525.466350	-263
1666287525.470665	-261
1666287525.474908	-259
1666287525.478815	-257
1666287525.482998	-255
1666287525.487213	-252
1666287525.491483	-250
1666287525.495726	-248
1666287525.499857	-246
1666287525.503954	-244
1666287525.507989	-242
1666287525.512092	-240
1666287525.516261	-238
1666287525.520669	-236
1666287525.524808	-234
1666287525.528872	-232
1666287525.532947	-230
1666287525.537226	-227
1666287525.541463	-225
1666287525.545588	-223
1666287525.549740	-221
1666287525.553807	-219
1666287525.557893	-217
1666287525.562021	-215
1666287525.566442	-213
1666287525.570617	-211
1666287525.574750	-209
1666287525.578756	-207
1666287525.583091	-205
1666287525.587277	-202
1666287525.591443	-200
1666287525.595662	-198
1666287525.599715	-196
1666287525.603762	-194
1666287525.607864	-192
1666287525.612260	-190
1666287525.616443	-188
1666287525.620635	-186
1666287525.624617	-184
1666287525.628749	-182
1666287525.632939	-180
1666287525.637356	-178
1666287525.641471	-176
1666287525.645500	-174
1666287525.649601	-171
1666287525.653996	-169
1666287525.658088	-167
1666287525.662311	-165
1666287525.666451	-163
1666287525.670526	-161
1666287525.674614	-159
1666287525.679033	-157
1666287525.683189	-155
1666287525.687372	-153
1666287525.691444	-151
1666287525.695560	-149
1666287525.699661	-147
1666287525.703889	-145
1666287525.708029	-143
1666287525.712330	-142
1666287525.716399	-140
1666287525.720487	-138
1666287525.724691	-136
1666287525.729041	-134
1666287525.733211	-132
1666287525.737368	-130
1666287525.741353	-128
1666287525.745704	-126
1666287525.749932	-124
1666287525.754078	-122
1666287525.758244	-121
1666287525.762302	-119
1666287525.766423	-117
1666287525.770598	-115
1666287525.774936	-113
1666287525.779091	-111
1666287525.783257	-110
1666287525.787249	-108
1666287525.791420	-106
1666287525.795592	-104
1666287525.799944	-102
1666287525.804066	-101
1666287525.808141	-99
1666287525.812177	-97
1666287525.816493	-96
1666287525.820570	-94
1666287525.824857	-92
1666287525.828904	-91
1666287525.832988	-89
1666287525.837050	-87
1666287525.841153	-86
1666287525.845287	-84
1666287525.849612	-82
1666287525.853741	-81
1666287525.857826	-79
1666287525.861760	-78
1666287525.865985	-76
1666287525.870083	-75
1666287525.874220	-73
1666287525.878511	-72
1666287525.882680	-70
1666287525.886862	-69
1666287525.890918	-67
1666287525.894933	-66
1666287525.899153	-64
1666287525.903405	-63
1666287525.907561	-61
1666287525.911640	-60
1666287525.915793	-58
1666287525.919811	-57
1666287525.923908	-55
1666287525.928165	-54
1666287525.932143	-53
1666287525.936515	-51
1666287525.940604	-50
1666287525.944726	-48
1666287525.948614	-47
1666287525.952740	-46
1666287525.957332	-44
1666287525.961334	-43
1666287525.965482	-42
1666287525.969571	-40
1666287525.973593	-39
1666287525.977794	-38
1666287525.981902	-36
1666287525.985922	-35
1666287525.990224	-34
1666287525.994382	-32
1666287525.998385	-31
1666287526.002591	-30
1666287526.006595	-28
1666287526.010714	-27
1666287526.015038	-26
1666287526.019235	-25
1666287526.023408	-23
1666287526.027509	-22
1666287526.031527	-21
1666287526.035539	-19
1666287526.039914	-18
1666287526.043945	-17
1666287526.048187	-16
1666287526.052317	-14
1666287526.056466	-13
1666287526.060449	-12
1666287526.064504	-11
1666287526.068586	-9
1666287526.072759	-8
1666287526.077062	-7
1666287526.081166	-6
1666287526.085279	-4
1666287526.089384	-3
1666287526.093366	-2
1666287526.097369	-1
1666287526.101480	0
1666287526.105923	0
1666287526.107788	0
1666287526.109849	0
1666287526.114032	0
1666287526.115991	0
1666287526.129850	-1
1666287526.133960	-2
1666287526.137878	-3
1666287526.142023	-4
1666287526.146162	-5
1666287526.150200	-7
1666287526.154212	-8
1666287526.158195	-9
1666287526.162430	-10
1666287526.166656	-12
1666287526.170746	-13
1666287526.174950	-14
1666287526.179058	-15
1666287526.183102	-17
1666287526.187300	-18
1666287526.191300	-19
1666287526.195657	-20
1666287526.199764	-22
1666287526.203974	-23
1666287526.208044	-24
1666287526.212056	-26
1666287526.216224	-27
1666287526.220429	-28
1666287526.224738	-29
1666287526.228880	-31
1666287526.232919	-32
1666287526.236960	-33
1666287526.241094	-35
1666287526.245207	-36
1666287526.249535	-37
1666287526.253701	-39
1666287526.257830	-40
1666287526.261737	-41
1666287526.265918	-43
1666287526.270041	-44
1666287526.274217	-45
1666287526.278516	-47
1666287526.282642	-48
1666287526.286773	-49
1666287526.290877	-51
1666287526.294838	-52
1666287526.299002	-54
1666287526.303361	-55
1666287526.307546	-56
1666287526.311657	-58
1666287526.315771	-59
1666287526.319798	-61
1666287526.323800	-62
1666287526.328236	-64
1666287526.332331	-65
1666287526.336493	-67
1666287526.340603	-68
1666287526.344701	-69
1666287526.348746	-71
1666287526.353020	-73
1666287526.357224	-74
1666287526.361197	-76
1666287526.365512	-77
1666287526.369627	-79
1666287526.373638	-80
1666287526.377723	-82
1666287526.381893	-83
1666287526.386236	-85
1666287526.390410	-87
1666287526.394494	-88
1666287526.398602	-90
1666287526.402544	-92
1666287526.406806	-93
1666287526.411003	-95
1666287526.415201	-97
1666287526.419346	-98
1666287526.423435	-100
1666287526.427494	-102
1666287526.431601	-103
1666287526.436029	-105
1666287526.440231	-107
1666287526.444371	-109
1666287526.448421	-111
1666287526.452539	-112
1666287526.456820	-114
1666287526.461061	-116
1666287526.465248	-118
1666287526.469392	-120
1666287526.473355	-122
1666287526.477571	-123
1666287526.481694	-125
1666287526.485805	-127
1666287526.490184	-129
1666287526.494313	-131
1666287526.498426	-133
1666287526.502620	-135
1666287526.506830	-137
1666287526.510932	-139
1666287526.515191	-141
1666287526.519208	-142
1666287526.523504	-144
1666287526.527760	-146
1666287526.531979	-148
1666287526.536106	-150
1666287526.540210	-152
1666287526.544259	-154
1666287526.548668	-156
1666287526.552817	-158
1666287526.556994	-160
1666287526.561110	-162
1666287526.565107	-164
1666287526.569533	-166
1666287526.573457	-168
1666287526.577904	-170
1666287526.582020	-173
1666287526.586016	-175
1666287526.590313	-177
1666287526.594479	-179
1666287526.598743	-181
1666287526.602917	-183
1666287526.606992	-185
1666287526.611072	-187
1666287526.615270	-189
1666287526.619629	-191
1666287526.623816	-193
1666287526.627866	-195
1666287526.631932	-197
1666287526.636332	-199
1666287526.640325	-201
1666287526.644447	-203
1666287526.648821	-206
1666287526.652913	-208
1666287526.657036	-210
1666287526.661137	-212
1666287526.665473	-214
1666287526.669672	-216
1666287526.673887	-218
1666287526.677843	-220
1666287526.682004	-222
1666287526.686318	-224
1666287526.690447	-226
1666287526.694660	-229
1666287526.698741	-231
1666287526.702832	-233
1666287526.707156	-235
1666287526.711264	-237
1666287526.715481	-239
1666287526.719634	-241
1666287526.723739	-243
1666287526.727795	-245
1666287526.731963	-247
1666287526.736091	-249
1666287526.740460	-251
1666287526.744627	-253
1666287526.748605	-256
1666287526.752925	-258
1666287526.757155	-260
1666287526.761230	-262
1666287526.765434	-264
1666287526.769543	-266
1666287526.773536	-268
1666287526.777904	-270
1666287526.782156	-272
1666287526.786353	-274
1666287526.790502	-276
1666287526.794495	-279
1666287526.798608	-281
1666287526.803051	-283
1666287526.807220	-285
1666287526.811407	-287
1666287526.815441	-289
1666287526.819669	-291
1666287526.823867	-293
1666287526.828102	-295
1666287526.832316	-297
1666287526.836354	-299
1666287526.840711	-302
1666287526.844690	-304
1666287526.848921	-306
1666287526.853069	-308
1666287526.857219	-310
1666287526.861384	-312
1666287526.865556	-314
1666287526.869790	-316
1666287526.873963	-318
1666287526.878155	-320
1666287526.882271	-322
1666287526.886446	-324
1666287526.890709	-326
1666287526.894883	-328
1666287526.899042	-331
1666287526.903229	-333
1666287526.907459	-335
1666287526.911647	-337
1666287526.915818	-339
1666287526.920004	-341
1666287526.924136	-343
1666287526.928506	-345
1666287526.932715	-347
1666287526.936913	-349
1666287526.941072	-351
1666287526.945083	-353
1666287526.949271	-355
1666287526.953681	-357
1666287526.957910	-359
1666287526.962034	-361
1666287526.966034	-362
1666287526.970200	-364
1666287526.974544	-366
1666287526.978821	-368
1666287526.982935	-370
1666287526.986948	-372
1666287526.991244	-374
1666287526.995466	-376
1666287526.999701	-378
1666287527.003883	-380
1666287527.007892	-381
1666287527.011966	-383
1666287527.016193	-385
1666287527.020602	-387
1666287527.024823	-389
1666287527.028843	-391
1666287527.032982	-392
1666287527.037360	-394
1666287527.041547	-396
1666287527.045743	-398
1666287527.049703	-399
1666287527.053879	-401
1666287527.058331	-403
1666287527.062455	-405
1666287527.066678	-406
1666287527.070736	-408
1666287527.074921	-410
1666287527.079041	-411
1666287527.083441	-413
1666287527.087598	-415
1666287527.091678	-416
1666287527.095913	-418
1666287527.100014	-420
1666287527.104391	-421
1666287527.108574	-423
1666287527.112613	-424
1666287527.116843	-426
1666287527.120954	-427
1666287527.125324	-429
1666287527.129496	-430
1666287527.133556	-432
1666287527.137724	-434
1666287527.141814	-435
1666287527.145966	-436
1666287527.150391	-438
1666287527.154507	-439
1666287527.158709	-441
1666287527.162792	-442
1666287527.167174	-444
1666287527.171347	-445
1666287527.175476	-447
1666287527.179478	-448
1666287527.183684	-450
1666287527.188143	-451
1666287527.192298	-452
1666287527.196399	-454
1666287527.200396	-455
1666287527.204607	-456
1666287527.208884	-458
1666287527.213195	-459
1666287527.217356	-461
1666287527.221345	-462
1666287527.225505	-463
1666287527.229939	-465
1666287527.234143	-466
1666287527.238276	-467
1666287527.242266	-469
1666287527.246459	-470
1666287527.250840	-471
1666287527.255044	-473
1666287527.259213	-474
1666287527.263251	-475
1666287527.267423	-476
1666287527.271614	-478
1666287527.276025	-479
1666287527.280191	-480
1666287527.284151	-482
1666287527.288533	-483
1666287527.292673	-484
1666287527.296916	-485
1666287527.301092	-487
1666287527.305109	-488
1666287527.309286	-489
1666287527.313676	-490
1666287527.317875	-492
1666287527.322064	-493
1666287527.326030	-494
1666287527.330194	-496
1666287527.334557	-497
1666287527.338572	-498
1666287527.342768	-499
1666287527.347051	-500
1666287527.351507	-500
1666287527.353572	-500
1666287527.367481	-499
1666287527.371711	-498
1666287527.375704	-497
1666287527.379869	-496
1666287527.383945	-494
1666287527.388093	-493
1666287527.392464	-492
1666287527.396669	-491
1666287527.400850	-489
1666287527.404970	-488
1666287527.409048	-487
1666287527.413490	-486
1666287527.417676	-484
1666287527.421849	-483
1666287527.425790	-482
1666287527.430254	-480
1666287527.434317	-479
1666287527.438542	-478
1666287527.442756	-477
1666287527.446747	-475
1666287527.451126	-474
1666287527.455284	-473
1666287527.459555	-471
1666287527.463705	-470
1666287527.467762	-469
1666287527.471929	-468
1666287527.476266	-466
1666287527.480524	-465
1666287527.484659	-464
1666287527.488656	-462
1666287527.493171	-461
1666287527.497158	-460
1666287527.501426	-458
1666287527.505588	-457
1666287527.509640	-455
1666287527.513796	-454
1666287527.517991	-453
1666287527.522154	-451
1666287527.526372	-450
1666287527.530552	-448
1666287527.534732	-447
1666287527.538923	-446
1666287527.543302	-444
1666287527.547482	-443
1666287527.551501	-441
1666287527.555844	-440
1666287527.560045	-438
1666287527.564263	-437
1666287527.568412	-435
1666287527.572488	-434
1666287527.576801	-433
1666287527.581047	-431
1666287527.585231	-429
1666287527.589390	-428
1666287527.593353	-426
1666287527.597810	-425
1666287527.601780	-423
1666287527.606122	-422
1666287527.610301	-420
1666287527.614304	-419
1666287527.618751	-417
1666287527.622848	-415
1666287527.627158	-414
1666287527.631273	-412
1666287527.635311	-410
1666287527.639662	-409
1666287527.643893	-407
1666287527.648057	-405
1666287527.652181	-404
1666287527.656266	-402
1666287527.660651	-400
1666287527.664853	-398
1666287527.669027	-397
1666287527.673118	-395
1666287527.677160	-393
1666287527.681625	-391
1666287527.685798	-390
1666287527.689988	-388
1666287527.694207	-386
1666287527.698154	-384
1666287527.702360	-382
1666287527.706735	-380
1666287527.710932	-379
1666287527.715043	-377
1666287527.719060	-375
1666287527.723478	-373
1666287527.727443	-371
1666287527.731851	-369
1666287527.735938	-367
1666287527.739971	-365
1666287527.744147	-363
1666287527.748500	-361
1666287527.752740	-359
1666287527.756901	-358
1666287527.760896	-356
1666287527.765044	-354
1666287527.769524	-352
1666287527.773451	-350
1666287527.777952	-348
1666287527.781988	-346
1666287527.786099	-344
1666287527.790291	-342
1666287527.794683	-340
1666287527.798800	-338
1666287527.802814	-336
1666287527.807138	-334
1666287527.811377	-332
1666287527.815546	-329
1666287527.819681	-327
1666287527.823758	-325
1666287527.828024	-323
1666287527.832269	-321
1666287527.836486	-319
1666287527.840796	-317
1666287527.844677	-315
1666287527.848944	-313
1666287527.853204	-311
1666287527.857423	-309
1666287527.861398	-307
1666287527.865616	-305
1666287527.869971	-303
1666287527.874181	-301
1666287527.878385	-298
1666287527.882577	-296
1666287527.886568	-294
1666287527.890921	-292
1666287527.895083	-290
1666287527.899366	-288
1666287527.903528	-286
1666287527.907522	-284
1666287527.911673	-282
1666287527.916032	-280
1666287527.920264	-278
1666287527.924447	-275
1666287527.928532	-273
1666287527.932576	-271
1666287527.936965	-269
1666287527.941160	-267
1666287527.945336	-265
1666287527.949435	-263
1666287527.953423	-261
1666287527.957621	-259
1666287527.961989	-257
1666287527.966163	-255
1666287527.970310	-252
1666287527.974335	-250
1666287527.978599	-248
1666287527.982882	-246
1666287527.986978	-244
1666287527.991231	-242
1666287527.995280	-240
1666287527.999269	-238
1666287528.003426	-236
1666287528.007847	-234
1666287528.011944	-232
1666287528.016139	-230
1666287528.020252	-227
1666287528.024269	-225
1666287528.028400	-223
1666287528.032595	-221
1666287528.036964	-219
1666287528.041170	-217
1666287528.045191	-215
1666287528.049199	-213
1666287528.053365	-211
1666287528.057698	-209
1666287528.061923	-207
1666287528.066053	-205
1666287528.070095	-202
1666287528.074220	-200
1666287528.078582	-198
1666287528.082756	-196
1666287528.086922	-194
1666287528.091022	-192
1666287528.095017	-190
1666287528.099462	-188
1666287528.103590	-186
1666287528.107777	-184
1666287528.111899	-182
1666287528.115959	-180
1666287528.120088	-178
1666287528.124387	-176
1666287528.128644	-173
1666287528.132783	-171
1666287528.136869	-169
1666287528.140974	-167
1666287528.145106	-165
1666287528.149477	-163
1666287528.153623	-161
1666287528.157800	-159
1666287528.161867	-157
1666287528.165997	-155
1666287528.170140	-153
1666287528.174274	-151
1666287528.178666	-149
1666287528.182662	-147
1666287528.186945	-145
1666287528.191150	-143
1666287528.195343	-141
1666287528.199316	-140
1666287528.203622	-138
1666287528.207746	-136
1666287528.211843	-134
1666287528.215996	-132
1666287528.220366	-130
1666287528.224540	-128
1666287528.228472	-126
1666287528.232627	-124
1666287528.236791	-122
1666287528.241090	-121
1666287528.245369	-119
1666287528.249519	-117
1666287528.253419	-115
1666287528.257662	-113
1666287528.261795	-111
1666287528.266236	-110
1666287528.270201	-108
1666287528.274648	-106
1666287528.278514	-104
1666287528.282834	-102
1666287528.287037	-101
1666287528.291016	-99
1666287528.295279	-97
1666287528.299409	-96
1666287528.303402	-94
1666287528.307689	-92
1666287528.311716	-91
1666287528.316002	-89
1666287528.320140	-87
1666287528.324325	-86
1666287528.328222	-84
1666287528.332384	-82
1666287528.336528	-81
1666287528.340824	-79
1666287528.344985	-78
1666287528.349132	-76
1666287528.353275	-75
1666287528.357298	-73
1666287528.361327	-72
1666287528.365627	-70
1666287528.369840	-69
1666287528.373967	-67
1666287528.378131	-66
1666287528.382199	-64
1666287528.386233	-63
1666287528.390351	-61
1666287528.394476	-60
1666287528.398780	-58
1666287528.402948	-57
1666287528.407134	-55
1666287528.411169	-54
1666287528.415161	-53
1666287528.419471	-51
1666287528.423498	-50
1666287528.427801	-48
1666287528.431907	-47
1666287528.436079	-46
1666287528.440123	-44
1666287528.444095	-43
1666287528.448220	-42
1666287528.452488	-40
1666287528.456572	-39
1666287528.460788	-38
1666287528.464918	-36
1666287528.469010	-35
1666287528.473047	-34
1666287528.477161	-32
1666287528.481527	-31
1666287528.485677	-30
1666287528.489822	-28
1666287528.493920	-27
1666287528.498003	-26
1666287528.501968	-25
1666287528.506136	-23
1666287528.510305	-22
1666287528.514461	-21
1666287528.518795	-19
1666287528.522872	-18
1666287528.526848	-17
1666287528.530977	-16
1666287528.535133	-14
1666287528.539460	-13
1666287528.543551	-12
1666287528.547716	-11
1666287528.551793	-9
1666287528.555776	-8
1666287528.559879	-7
1666287528.563912	-6
1666287528.568082	-4
1666287528.572254	-3
1666287528.576485	-2
1666287528.580546	-1
1666287528.584674	0
1666287528.588686	0
1666287528.590676	0
