## Values
## High Speed = 5000
## Low Speed = 300
## Acceleration = 1000
## Deceleration = 300
## Position = 0
## Idle Time = 1
## Accel/Decel profile = Sinusoidal
## Dwell time = 1.0
## Length = 500
## Cycles = 3


1666367741.656681	0
1666367741.660939	0
1666367741.662792	0
1666367741.676440	0
1666367741.680516	-2
1666367741.684695	-3
1666367741.688905	-4
1666367741.692871	-5
1666367741.697092	-7
1666367741.701190	-8
1666367741.705297	-9
1666367741.709338	-10
1666367741.713579	-12
1666367741.717768	-13
1666367741.721864	-14
1666367741.726217	-16
1666367741.730183	-17
1666367741.734282	-18
1666367741.738454	-20
1666367741.742739	-21
1666367741.746930	-23
1666367741.751054	-24
1666367741.755229	-26
1666367741.759216	-27
1666367741.763495	-29
1666367741.767624	-30
1666367741.771930	-32
1666367741.776064	-33
1666367741.780194	-35
1666367741.784221	-37
1666367741.788433	-38
1666367741.792651	-40
1666367741.796877	-42
1666367741.801013	-44
1666367741.805108	-46
1666367741.809089	-48
1666367741.813366	-50
1666367741.817559	-52
1666367741.821697	-54
1666367741.825844	-56
1666367741.829882	-58
1666367741.834116	-60
1666367741.838276	-62
1666367741.842451	-65
1666367741.846626	-67
1666367741.850612	-69
1666367741.854985	-72
1666367741.859021	-74
1666367741.863189	-77
1666367741.867273	-80
1666367741.871383	-82
1666367741.875734	-85
1666367741.879704	-88
1666367741.883880	-91
1666367741.888200	-94
1666367741.892360	-97
1666367741.896565	-100
1666367741.900766	-103
1666367741.904894	-106
1666367741.908961	-109
1666367741.913132	-112
1666367741.917519	-116
1666367741.921539	-119
1666367741.925819	-122
1666367741.929962	-126
1666367741.934100	-129
1666367741.938482	-133
1666367741.942656	-136
1666367741.946787	-140
1666367741.950829	-144
1666367741.955139	-147
1666367741.959178	-151
1666367741.963533	-155
1666367741.967735	-159
1666367741.971717	-162
1666367741.975918	-166
1666367741.980295	-170
1666367741.984201	-174
1666367741.988845	-178
1666367741.992652	-182
1666367741.996994	-186
1666367742.001218	-190
1666367742.005342	-194
1666367742.009513	-198
1666367742.013592	-202
1666367742.017752	-206
1666367742.022003	-210
1666367742.026313	-214
1666367742.030491	-218
1666367742.034487	-222
1666367742.038828	-226
1666367742.043077	-230
1666367742.047246	-234
1666367742.051384	-238
1666367742.055398	-242
1666367742.059714	-246
1666367742.063824	-250
1666367742.068171	-254
1666367742.072387	-258
1666367742.076374	-263
1666367742.080628	-267
1666367742.084789	-271
1666367742.089214	-275
1666367742.093186	-279
1666367742.097384	-283
1666367742.101638	-287
1666367742.105905	-291
1666367742.109979	-295
1666367742.114338	-299
1666367742.118472	-303
1666367742.122816	-307
1666367742.126906	-311
1666367742.131206	-315
1666367742.135214	-319
1666367742.139450	-323
1666367742.143623	-327
1666367742.147986	-331
1666367742.152178	-335
1666367742.156172	-338
1666367742.160434	-342
1666367742.164650	-346
1666367742.168990	-350
1666367742.173159	-354
1666367742.177107	-357
1666367742.181552	-361
1666367742.185755	-364
1666367742.189942	-368
1666367742.194059	-372
1666367742.198239	-375
1666367742.202597	-379
1666367742.206628	-382
1666367742.211029	-385
1666367742.215063	-389
1666367742.219312	-392
1666367742.223355	-395
1666367742.227757	-398
1666367742.231956	-401
1666367742.236007	-405
1666367742.240417	-408
1666367742.244494	-411
1666367742.248787	-413
1666367742.252944	-416
1666367742.256995	-419
1666367742.261425	-422
1666367742.265637	-424
1666367742.269813	-427
1666367742.273913	-430
1666367742.277987	-432
1666367742.282425	-434
1666367742.286672	-437
1666367742.290585	-439
1666367742.294875	-441
1666367742.299048	-444
1666367742.303409	-446
1666367742.307577	-448
1666367742.311810	-450
1666367742.315797	-452
1666367742.320084	-454
1666367742.324272	-456
1666367742.328645	-458
1666367742.332667	-460
1666367742.336777	-461
1666367742.341086	-463
1666367742.345207	-465
1666367742.349576	-467
1666367742.353653	-468
1666367742.357774	-470
1666367742.361991	-471
1666367742.366438	-473
1666367742.370607	-474
1666367742.374595	-476
1666367742.378784	-477
1666367742.383059	-479
1666367742.387388	-480
1666367742.391530	-482
1666367742.395636	-483
1666367742.399823	-485
1666367742.404059	-486
1666367742.408410	-487
1666367742.412414	-489
1666367742.416609	-490
1666367742.420883	-491
1666367742.425210	-493
1666367742.429423	-494
1666367742.433460	-495
1666367742.437633	-496
1666367742.442011	-498
1666367742.446252	-499
1666367742.450405	-500
1666367742.454569	-500
1666367743.456776	-500
1666367743.470420	-499
1666367743.474411	-498
1666367743.478553	-497
1666367743.482901	-496
1666367743.487127	-494
1666367743.491239	-493
1666367743.495543	-492
1666367743.499616	-491
1666367743.503870	-489
1666367743.508266	-488
1666367743.512339	-487
1666367743.516535	-485
1666367743.520701	-484
1666367743.524978	-483
1666367743.529258	-481
1666367743.533410	-480
1666367743.537523	-478
1666367743.541774	-477
1666367743.545975	-475
1666367743.550251	-474
1666367743.554434	-472
1666367743.558475	-471
1666367743.562877	-469
1666367743.567120	-468
1666367743.571188	-466
1666367743.575428	-464
1666367743.579571	-463
1666367743.583925	-461
1666367743.588125	-459
1666367743.592320	-457
1666367743.596266	-455
1666367743.600597	-453
1666367743.604793	-451
1666367743.608954	-449
1666367743.613317	-447
1666367743.617320	-445
1666367743.621572	-443
1666367743.625955	-441
1666367743.630071	-439
1666367743.634238	-436
1666367743.638383	-434
1666367743.642751	-432
1666367743.646790	-429
1666367743.651183	-427
1666367743.655166	-424
1666367743.659390	-421
1666367743.663512	-419
1666367743.667946	-416
1666367743.672098	-413
1666367743.676089	-410
1666367743.680552	-407
1666367743.684775	-404
1666367743.688940	-401
1666367743.693071	-398
1666367743.697215	-395
1666367743.701602	-392
1666367743.705845	-388
1666367743.709991	-385
1666367743.714089	-382
1666367743.718204	-378
1666367743.722538	-375
1666367743.726861	-371
1666367743.730932	-368
1666367743.735133	-364
1666367743.739499	-361
1666367743.743690	-357
1666367743.747900	-353
1666367743.751961	-350
1666367743.756110	-346
1666367743.760465	-342
1666367743.764515	-338
1666367743.768851	-334
1666367743.772897	-331
1666367743.777085	-327
1666367743.781507	-323
1666367743.785457	-319
1666367743.789845	-315
1666367743.793854	-311
1666367743.798095	-307
1666367743.802422	-303
1666367743.806753	-299
1666367743.810803	-295
1666367743.814984	-291
1666367743.819181	-287
1666367743.823530	-283
1666367743.827693	-279
1666367743.831742	-275
1666367743.835960	-270
1666367743.840250	-266
1666367743.844526	-262
1666367743.848716	-258
1666367743.852694	-254
1666367743.857113	-250
1666367743.861289	-246
1666367743.865435	-242
1666367743.869628	-238
1666367743.873587	-234
1666367743.877797	-230
1666367743.882288	-226
1666367743.886405	-221
1666367743.890539	-217
1666367743.894565	-213
1666367743.898847	-209
1666367743.903118	-205
1666367743.907097	-201
1666367743.911462	-197
1666367743.915502	-193
1666367743.919669	-189
1666367743.923895	-185
1666367743.928186	-181
1666367743.932432	-178
1666367743.936478	-174
1666367743.940573	-170
1666367743.944784	-166
1666367743.949161	-162
1666367743.953321	-158
1666367743.957286	-155
1666367743.961551	-151
1666367743.965640	-147
1666367743.970023	-143
1666367743.974212	-140
1666367743.978343	-136
1666367743.982438	-133
1666367743.986563	-129
1666367743.990861	-126
1666367743.995096	-122
1666367743.999116	-119
1666367744.003293	-115
1666367744.007470	-112
1666367744.011900	-109
1666367744.015785	-106
1666367744.020212	-102
1666367744.024171	-99
1666367744.028396	-96
1666367744.032690	-93
1666367744.036599	-90
1666367744.040947	-87
1666367744.045113	-85
1666367744.049145	-82
1666367744.053279	-79
1666367744.057396	-76
1666367744.061745	-74
1666367744.065866	-71
1666367744.070037	-69
1666367744.074086	-66
1666367744.078161	-64
1666367744.082467	-62
1666367744.086591	-59
1666367744.090804	-57
1666367744.094988	-55
1666367744.098839	-53
1666367744.103031	-51
1666367744.107177	-49
1666367744.111560	-47
1666367744.115651	-45
1666367744.119832	-43
1666367744.123933	-41
1666367744.127906	-40
1666367744.132220	-38
1666367744.136297	-36
1666367744.140617	-34
1666367744.144778	-33
1666367744.148860	-31
1666367744.152869	-30
1666367744.157049	-28
1666367744.161360	-26
1666367744.165313	-25
1666367744.169699	-23
1666367744.173803	-22
1666367744.177799	-21
1666367744.181933	-19
1666367744.186141	-18
1666367744.190437	-16
1666367744.194355	-15
1666367744.198701	-14
1666367744.202709	-12
1666367744.206933	-11
1666367744.211173	-10
1666367744.215324	-8
1666367744.219385	-7
1666367744.223537	-6
1666367744.227632	-5
1666367744.231643	-3
1666367744.235718	-2
1666367744.239916	-1
1666367744.244251	0
1666367744.248463	0
1666367745.250940	0
1666367745.252877	0
1666367745.256916	0
1666367745.258740	0
1666367745.272623	-1
1666367745.276583	-2
1666367745.280785	-3
1666367745.284805	-4
1666367745.288798	-6
1666367745.292968	-7
1666367745.297077	-8
1666367745.301329	-9
1666367745.305509	-11
1666367745.309618	-12
1666367745.313546	-13
1666367745.317747	-14
1666367745.322025	-16
1666367745.326200	-17
1666367745.330426	-19
1666367745.334561	-20
1666367745.338695	-21
1666367745.342732	-23
1666367745.346878	-24
1666367745.351043	-26
1666367745.355397	-27
1666367745.359293	-29
1666367745.363511	-30
1666367745.367666	-32
1666367745.371772	-33
1666367745.375993	-35
1666367745.380122	-37
1666367745.384426	-39
1666367745.388522	-40
1666367745.392585	-42
1666367745.396834	-44
1666367745.400870	-46
1666367745.405247	-48
1666367745.409343	-50
1666367745.413489	-52
1666367745.417466	-54
1666367745.421723	-56
1666367745.425861	-58
1666367745.430148	-60
1666367745.434257	-62
1666367745.438423	-65
1666367745.442434	-67
1666367745.446554	-69
1666367745.450932	-72
1666367745.455001	-74
1666367745.459257	-77
1666367745.463337	-80
1666367745.467305	-82
1666367745.471608	-85
1666367745.475714	-88
1666367745.480006	-91
1666367745.484209	-94
1666367745.488291	-97
1666367745.492299	-100
1666367745.496647	-103
1666367745.500684	-106
1666367745.505099	-109
1666367745.509217	-113
1666367745.513247	-116
1666367745.517467	-119
1666367745.521826	-123
1666367745.526009	-126
1666367745.530181	-130
1666367745.534185	-133
1666367745.538643	-137
1666367745.542798	-140
1666367745.546908	-144
1666367745.551122	-148
1666367745.555073	-151
1666367745.559373	-155
1666367745.563715	-159
1666367745.567616	-163
1666367745.572078	-166
1666367745.576081	-170
1666367745.580194	-174
1666367745.584396	-178
1666367745.588824	-182
1666367745.593026	-186
1666367745.596991	-190
1666367745.601262	-194
1666367745.605580	-198
1666367745.609744	-202
1666367745.613958	-206
1666367745.617966	-210
1666367745.622140	-214
1666367745.626354	-218
1666367745.630687	-222
1666367745.634870	-226
1666367745.638898	-230
1666367745.643076	-234
1666367745.647238	-238
1666367745.651617	-242
1666367745.655824	-247
1666367745.659769	-251
1666367745.663981	-255
1666367745.668363	-259
1666367745.672593	-263
1666367745.676811	-267
1666367745.680801	-271
1666367745.685071	-275
1666367745.689236	-279
1666367745.693546	-283
1666367745.697648	-287
1666367745.701763	-291
1666367745.705948	-295
1666367745.710362	-299
1666367745.714592	-304
1666367745.718673	-308
1666367745.722756	-311
1666367745.727192	-315
1666367745.731353	-319
1666367745.735600	-323
1666367745.739598	-327
1666367745.743798	-331
1666367745.748078	-335
1666367745.752113	-339
1666367745.756602	-343
1666367745.760587	-346
1666367745.764729	-350
1666367745.769125	-354
1666367745.773299	-358
1666367745.777466	-361
1666367745.781642	-365
1666367745.785767	-368
1666367745.789997	-372
1666367745.794375	-375
1666367745.798434	-379
1666367745.802539	-382
1666367745.806845	-386
1666367745.811150	-389
1666367745.815325	-392
1666367745.819348	-395
1666367745.823729	-399
1666367745.827942	-402
1666367745.832184	-405
1666367745.836339	-408
1666367745.840415	-411
1666367745.844599	-414
1666367745.848891	-416
1666367745.853181	-419
1666367745.857310	-422
1666367745.861456	-425
1666367745.865656	-427
1666367745.869992	-430
1666367745.873937	-432
1666367745.878253	-435
1666367745.882461	-437
1666367745.886821	-439
1666367745.890991	-442
1666367745.894905	-444
1666367745.899211	-446
1666367745.903468	-448
1666367745.907590	-450
1666367745.911923	-452
1666367745.916102	-454
1666367745.920161	-456
1666367745.924385	-458
1666367745.928695	-460
1666367745.932964	-461
1666367745.937110	-463
1666367745.941177	-465
1666367745.945435	-467
1666367745.949720	-468
1666367745.953954	-470
1666367745.958016	-472
1666367745.962177	-473
1666367745.966444	-475
1666367745.970755	-476
1666367745.974988	-478
1666367745.978983	-479
1666367745.983193	-480
1666367745.987437	-482
1666367745.991789	-483
1666367745.995894	-485
1666367745.999899	-486
1666367746.004204	-487
1666367746.008351	-489
1666367746.012785	-490
1666367746.016891	-491
1666367746.020944	-493
1666367746.025392	-494
1666367746.029577	-495
1666367746.033498	-496
1666367746.037758	-498
1666367746.041988	-499
1666367746.046244	-500
1666367746.050672	-500
1666367747.052602	-500
1666367747.066638	-499
1666367747.070688	-498
1666367747.074925	-497
1666367747.078992	-496
1666367747.083129	-494
1666367747.087312	-493
1666367747.091720	-492
1666367747.095713	-491
1666367747.099982	-489
1666367747.104143	-488
1666367747.108533	-487
1666367747.112789	-485
1666367747.116944	-484
1666367747.120936	-483
1666367747.125279	-481
1666367747.129431	-480
1666367747.133533	-478
1666367747.137822	-477
1666367747.141989	-475
1666367747.146197	-474
1666367747.150549	-472
1666367747.154746	-471
1666367747.158823	-469
1666367747.162975	-468
1666367747.167266	-466
1666367747.171676	-464
1666367747.175793	-463
1666367747.179876	-461
1666367747.184120	-459
1666367747.188384	-457
1666367747.192661	-455
1666367747.196710	-453
1666367747.200897	-451
1666367747.205073	-449
1666367747.209430	-447
1666367747.213623	-445
1666367747.217678	-443
1666367747.221937	-441
1666367747.226066	-439
1666367747.230419	-436
1666367747.234592	-434
1666367747.238679	-432
1666367747.243057	-429
1666367747.247220	-427
1666367747.251462	-424
1666367747.255511	-421
1666367747.259613	-419
1666367747.263865	-416
1666367747.268246	-413
1666367747.272412	-410
1666367747.276467	-407
1666367747.280675	-404
1666367747.285027	-401
1666367747.289233	-398
1666367747.293335	-395
1666367747.297534	-392
1666367747.301745	-388
1666367747.306078	-385
1666367747.310288	-382
1666367747.314347	-378
1666367747.318644	-375
1666367747.322923	-371
1666367747.327142	-368
1666367747.331310	-364
1666367747.335396	-361
1666367747.339763	-357
1666367747.343981	-353
1666367747.348022	-350
1666367747.352289	-346
1666367747.356396	-342
1666367747.360581	-338
1666367747.364987	-334
1666367747.369157	-331
1666367747.373238	-327
1666367747.377378	-323
1666367747.381788	-319
1666367747.385998	-315
1666367747.390181	-311
1666367747.394200	-307
1666367747.398611	-303
1666367747.402784	-299
1666367747.407078	-295
1666367747.411131	-291
1666367747.415257	-287
1666367747.419629	-283
1666367747.423840	-279
1666367747.428083	-275
1666367747.432075	-270
1666367747.436341	-266
1666367747.440485	-262
1666367747.444844	-258
1666367747.449017	-254
1666367747.453066	-250
1666367747.457217	-246
1666367747.461602	-242
1666367747.465802	-238
1666367747.469931	-234
1666367747.473951	-230
1666367747.478162	-226
1666367747.482550	-221
1666367747.486693	-217
1666367747.490870	-213
1666367747.494896	-209
1666367747.499151	-205
1666367747.503423	-201
1666367747.507618	-197
1666367747.511740	-193
1666367747.515808	-189
1666367747.520013	-185
1666367747.524174	-181
1666367747.528503	-177
1666367747.532709	-174
1666367747.536606	-170
1666367747.540841	-166
1666367747.545072	-162
1666367747.549229	-158
1666367747.553401	-154
1666367747.557658	-151
1666367747.561717	-147
1666367747.565887	-143
1666367747.570063	-140
1666367747.574479	-136
1666367747.578640	-133
1666367747.582605	-129
1666367747.586843	-126
1666367747.591228	-122
1666367747.595394	-119
1666367747.599570	-115
1666367747.603574	-112
1666367747.607772	-109
1666367747.611966	-106
1666367747.616143	-102
1666367747.620227	-99
1666367747.624489	-96
1666367747.628611	-93
1666367747.632750	-90
1666367747.637013	-87
1666367747.641176	-85
1666367747.645334	-82
1666367747.649412	-79
1666367747.653533	-76
1666367747.657655	-74
1666367747.661949	-71
1666367747.665960	-69
1666367747.670112	-66
1666367747.674332	-64
1666367747.678423	-62
1666367747.682733	-59
1666367747.686881	-57
1666367747.691008	-55
1666367747.695008	-53
1666367747.699222	-51
1666367747.703310	-49
1666367747.707463	-47
1666367747.711644	-45
1666367747.715755	-43
1666367747.719860	-41
1666367747.724033	-40
1666367747.728225	-38
1666367747.732364	-36
1666367747.736518	-34
1666367747.740717	-33
1666367747.744850	-31
1666367747.749030	-30
1666367747.753164	-28
1666367747.757325	-26
1666367747.761508	-25
1666367747.765617	-23
1666367747.769743	-22
1666367747.773978	-21
1666367747.778065	-19
1666367747.782305	-18
1666367747.786479	-16
1666367747.790508	-15
1666367747.794827	-14
1666367747.798857	-12
1666367747.803051	-11
1666367747.807294	-10
1666367747.811412	-8
1666367747.815425	-7
1666367747.819563	-6
1666367747.823732	-5
1666367747.828032	-3
1666367747.832068	-2
1666367747.836042	-1
1666367747.840315	0
1666367747.844532	0
1666367748.846699	0
1666367748.848815	0
1666367748.853083	0
1666367748.854884	0
1666367748.868519	-1
1666367748.872826	-2
1666367748.876698	-3
1666367748.881025	-4
1666367748.884934	-6
1666367748.889062	-7
1666367748.893176	-8
1666367748.897260	-9
1666367748.901521	-11
1666367748.905619	-12
1666367748.909856	-13
1666367748.913902	-14
1666367748.918066	-16
1666367748.922239	-17
1666367748.926516	-19
1666367748.930553	-20
1666367748.934791	-21
1666367748.938922	-23
1666367748.943020	-24
1666367748.947178	-26
1666367748.951478	-27
1666367748.955634	-29
1666367748.959797	-30
1666367748.963821	-32
1666367748.967938	-33
1666367748.972147	-35
1666367748.976325	-37
1666367748.980552	-39
1666367748.984696	-40
1666367748.988793	-42
1666367748.992888	-44
1666367748.997041	-46
1666367749.001300	-48
1666367749.005469	-50
1666367749.009643	-52
1666367749.013779	-54
1666367749.017815	-56
1666367749.022022	-58
1666367749.026139	-60
1666367749.030415	-62
1666367749.034408	-65
1666367749.038699	-67
1666367749.042745	-69
1666367749.046927	-72
1666367749.051043	-74
1666367749.055330	-77
1666367749.059524	-80
1666367749.063443	-82
1666367749.067626	-85
1666367749.071865	-88
1666367749.076154	-91
1666367749.080275	-94
1666367749.084441	-97
1666367749.088580	-100
1666367749.092631	-103
1666367749.096972	-106
1666367749.101064	-109
1666367749.105363	-113
1666367749.109502	-116
1666367749.113571	-119
1666367749.117806	-123
1666367749.122222	-126
1666367749.126373	-130
1666367749.130460	-133
1666367749.134568	-137
1666367749.138937	-140
1666367749.142975	-144
1666367749.147231	-148
1666367749.151338	-151
1666367749.155468	-155
1666367749.159812	-159
1666367749.164007	-163
1666367749.168152	-167
1666367749.172264	-170
1666367749.176446	-174
1666367749.180609	-178
1666367749.184919	-182
1666367749.189186	-186
1666367749.193304	-190
1666367749.197365	-194
1666367749.201701	-198
1666367749.205944	-202
1666367749.209966	-206
1666367749.214259	-210
1666367749.218344	-214
1666367749.222498	-218
1666367749.226806	-222
1666367749.230994	-226
1666367749.235144	-230
1666367749.239245	-234
1666367749.243597	-238
1666367749.247768	-243
1666367749.251925	-247
1666367749.256069	-251
1666367749.260218	-255
1666367749.264366	-259
1666367749.268600	-263
1666367749.272779	-267
1666367749.276996	-271
1666367749.281192	-275
1666367749.285401	-279
1666367749.289589	-283
1666367749.293910	-287
1666367749.298007	-291
1666367749.302180	-296
1666367749.306493	-300
1666367749.310704	-304
1666367749.314802	-308
1666367749.319037	-312
1666367749.323366	-316
1666367749.327546	-319
1666367749.331566	-323
1666367749.335893	-327
1666367749.340107	-331
1666367749.344184	-335
1666367749.348386	-339
1666367749.352767	-343
1666367749.356919	-346
1666367749.361059	-350
1666367749.365249	-354
1666367749.369593	-358
1666367749.373810	-361
1666367749.377876	-365
1666367749.382058	-368
1666367749.386167	-372
1666367749.390555	-375
1666367749.394543	-379
1666367749.398770	-382
1666367749.403051	-386
1666367749.407375	-389
1666367749.411387	-392
1666367749.415608	-395
1666367749.419821	-399
1666367749.424240	-402
1666367749.428398	-405
1666367749.432410	-408
1666367749.436604	-411
1666367749.440758	-414
1666367749.445167	-417
1666367749.449214	-419
1666367749.453823	-422
1666367749.457676	-425
1666367749.461822	-427
1666367749.466172	-430
1666367749.470358	-432
1666367749.474486	-435
1666367749.478620	-437
1666367749.482980	-439
1666367749.487162	-442
1666367749.491330	-444
1666367749.495483	-446
1666367749.499594	-448
1666367749.503771	-450
1666367749.508189	-452
1666367749.512327	-454
1666367749.516400	-456
1666367749.520615	-458
1666367749.524917	-460
1666367749.529183	-462
1666367749.533181	-463
1666367749.537410	-465
1666367749.541727	-467
1666367749.545816	-468
1666367749.550230	-470
1666367749.554145	-472
1666367749.558393	-473
1666367749.562708	-475
1666367749.566966	-476
1666367749.571001	-478
1666367749.575296	-479
1666367749.579447	-481
1666367749.583616	-482
1666367749.587954	-483
1666367749.592235	-485
1666367749.596253	-486
1666367749.600352	-487
1666367749.604574	-489
1666367749.608969	-490
1666367749.613217	-491
1666367749.617234	-493
1666367749.621388	-494
1666367749.625562	-495
1666367749.630022	-496
1666367749.634096	-498
1666367749.638179	-499
1666367749.642748	-500
1666367749.647098	-500
1666367750.648926	-500
1666367750.662690	-499
1666367750.666777	-498
1666367750.671066	-497
1666367750.675226	-496
1666367750.679353	-494
1666367750.683540	-493
1666367750.687885	-492
1666367750.692050	-491
1666367750.696231	-489
1666367750.700371	-488
1666367750.704508	-487
1666367750.708912	-485
1666367750.712916	-484
1666367750.717178	-483
1666367750.721406	-481
1666367750.725566	-480
1666367750.729867	-478
1666367750.734036	-477
1666367750.738182	-475
1666367750.742343	-474
1666367750.746722	-472
1666367750.750780	-471
1666367750.755076	-469
1666367750.759293	-468
1666367750.763451	-466
1666367750.767601	-464
1666367750.771935	-463
1666367750.776054	-461
1666367750.780258	-459
1666367750.784449	-457
1666367750.788782	-455
1666367750.792936	-453
1666367750.797020	-451
1666367750.801254	-449
1666367750.805549	-447
1666367750.809765	-445
1666367750.813920	-443
1666367750.818062	-441
1666367750.822389	-439
1666367750.826570	-436
1666367750.830783	-434
1666367750.834827	-432
1666367750.839071	-429
1666367750.843373	-427
1666367750.847572	-424
1666367750.851632	-421
1666367750.855819	-419
1666367750.860003	-416
1666367750.864424	-413
1666367750.868460	-410
1666367750.872766	-407
1666367750.876928	-404
1666367750.881208	-401
1666367750.885320	-398
1666367750.889489	-395
1666367750.893686	-392
1666367750.898008	-388
1666367750.902132	-385
1666367750.906329	-382
1666367750.910650	-378
1666367750.914726	-375
1666367750.918924	-371
1666367750.923269	-368
1666367750.927355	-364
1666367750.931575	-361
1666367750.935727	-357
1666367750.940148	-353
1666367750.944293	-350
1666367750.948461	-346
1666367750.952579	-342
1666367750.956739	-338
1666367750.961047	-334
1666367750.965312	-331
1666367750.969491	-327
1666367750.973579	-323
1666367750.977767	-319
1666367750.982188	-315
1666367750.986218	-311
1666367750.990350	-307
1666367750.994577	-303
1666367750.998899	-299
1666367751.003031	-295
1666367751.007331	-291
1666367751.011377	-287
1666367751.015603	-283
1666367751.019802	-279
1666367751.024127	-275
1666367751.028199	-270
1666367751.032519	-266
1666367751.036617	-262
1666367751.040926	-258
1666367751.045108	-254
1666367751.049201	-250
1666367751.053406	-246
1666367751.057643	-242
1666367751.061895	-238
1666367751.066016	-234
1666367751.070167	-230
1666367751.074303	-226
1666367751.078557	-222
1666367751.082610	-217
1666367751.086974	-213
1666367751.091070	-209
1666367751.095190	-205
1666367751.099351	-201
1666367751.103577	-197
1666367751.107877	-193
1666367751.112038	-189
1666367751.116152	-185
1666367751.120389	-181
1666367751.124494	-178
1666367751.129026	-174
1666367751.132833	-170
1666367751.137123	-166
1666367751.141438	-162
1666367751.145427	-158
1666367751.149577	-155
1666367751.153862	-151
1666367751.158107	-147
1666367751.162109	-143
1666367751.166241	-140
1666367751.170603	-136
1666367751.174794	-133
1666367751.178928	-129
1666367751.183035	-126
1666367751.187239	-122
1666367751.191554	-119
1666367751.195708	-115
1666367751.199768	-112
1666367751.204035	-109
1666367751.208285	-106
1666367751.212315	-102
1666367751.216631	-99
1666367751.220809	-96
1666367751.224872	-93
1666367751.228903	-90
1666367751.233124	-87
1666367751.237240	-85
1666367751.241531	-82
1666367751.245673	-79
1666367751.249677	-76
1666367751.253861	-74
1666367751.258187	-71
1666367751.262228	-69
1666367751.266249	-66
1666367751.270605	-64
1666367751.274609	-62
1666367751.278772	-60
1666367751.282873	-57
1666367751.287065	-55
1666367751.291342	-53
1666367751.295496	-51
1666367751.299516	-49
1666367751.303603	-47
1666367751.307758	-45
1666367751.312109	-43
1666367751.316150	-41
1666367751.320243	-40
1666367751.324558	-38
1666367751.328518	-36
1666367751.332679	-34
1666367751.336910	-33
1666367751.341154	-31
1666367751.345292	-30
1666367751.349451	-28
1666367751.353490	-26
1666367751.357626	-25
1666367751.361687	-23
1666367751.366011	-22
1666367751.370176	-21
1666367751.374223	-19
1666367751.378417	-18
1666367751.382520	-16
1666367751.386809	-15
1666367751.390819	-14
1666367751.395167	-12
1666367751.399099	-11
1666367751.403352	-10
1666367751.407399	-8
1666367751.411569	-7
1666367751.415628	-6
1666367751.419906	-5
1666367751.423899	-3
1666367751.428184	-2
1666367751.432232	-1
1666367751.436280	0
1666367751.440525	0
1666367752.442911	0
